;112-104Ð
T0001	0217	4100	0622	4202	0000	4702	0622	7400	1507	1660	4000	0041	7601	0200	0301
;
T0002	0201	4702	0626	4000	0041	7601	0200	0301
T0003	0201	4702	0624	4000	0041	7601	0200	0301
T0004	0201	4702	0620	4000	0041	7601	0200	0301
T0005	0201	4702	0610	4000	0041	7601	0200	0301
T0006	0201	4100	1040	4702	1040	4000	0041	7600	0200	0301
T0007	0201	4702	1044	4000	0041	7600	0200	0301
T0008	0201	4702	1042	4000	0041	7600	0200	0301
T0009	0201	4702	1030	4000	0041	7600	0200	0301
T0010	0201	4702	1026	4000	0041	7600	0200	0301
T0011	0201	4100	1440	4203	0000	4703	1440	4000	0041	7600	0200	0301
T0012	0201	4703	1446	4000	0041	7600	0200	0301
T0013	0201	4703	1443	4000	0041	7600	0200	0301
T0014	0201	4703	1427	4000	0041	7600	0200	0301
T0015	0201	4703	1424	4000	0041	7600	0200	0301
T0016	0217	4163	2400	4212	0000	4712	1165	7400	0007	0160	4000	0041	7600	0200	0302
;
T0017	0201	4712	1203	4000	0041	7600	0200	0302
T0018	0201	4712	1171	4000	0041	7600	0200	0302
T0019	0201	4712	1160	4000	0041	7600	0200	0302
T0020	0201	4712	1146	4000	0041	7600	0200	0302
T0021	0205	4164	3100	4712	1447	7400	0207	0160	4000	0041	7600	0200	0303
T0022	0201	4712	1467	4000	0041	7600	0200	0303
T0023	0201	0201	4712	1462	4000	0041	7600	0200	0303
T0024	0201	4712	1442	4000	0041	7600	0200	0303
T0025	0201	4712	1427	4000	0041	7600	0200	0303
T0026	0201	4164	5000	4712	2421	4000	0041	7601	0200	0303
T0027	0201	4712	2446	4000	0041	7601	0200	0303
T0028	0201	4712	2431	4000	0041	7601	0200	0303
T0029	0201	4712	2403	4000	0041	7601	0200	0303
T0030	0201	4712	2226	4000	0041	7601	0200	0303
T0031	0217	4147	2400	4202	3000	7400	0401	0340	0560	4000	0001	7600	0200	0304
T0032	0201	4202	3060	4000	0001	7600	0200	0304
T0033	0201	4202	3026	4000	0001	7600	0200	0304
T0034	0201	4202	2604	4000	0001	7600	0200	0304
T0035	0201	4202	2560	4000	0001	7600	0200	0304
T0036	0000	0201	4147	3400	4202	4100	4000	0001	7600	0200	0304
T0037	0201	4202	4202	4000	0001	7600	0200	0304
T0038	0201	4202	4140	4000	0001	7600	0200	0304
T0039	0201	4202	4040	4000	0001	7600	0200	0304
T0040	0201	4202	3630	4000	0001	7600	0200	0304
T0041	0217	4146	5000	4202	2420	7400	0601	0760	4000	0001	7600	0200	0305
T0042	0201	4202	2466	4000	0001	7600	0200	0305
T0043	0201	4202	2443	4000	0001	7600	0200	0305
T0044	0201	4202	2227	4000	0001	7600	0200	0305
T0045	0201	4202	2205	4000	0001	7600	0200	0305
T0046	0217	4100	3200	4203	0000	4703	3200	7400	1507	1660	4000	0041	7601	0200	0303
;
T0047	0201	4703	3400	4000	0041	7601	0200	0303
T0048	0201	4703	3220	4000	0041	7601	0200	0303
T0049	0201	4703	3160	4000	0041	7601	0200	0303
T0050	0201	4703	3140	4000	0041	7601	0200	0303
T0051	0201	4100	4120	4703	4120	4000	0041	7600	0200	0303
T0052	0201	4703	4166	4000	0041	7600	0200	0303
T0053	0201	4703	4140	4000	0041	7600	0200	0303
T0054	0201	4703	4067	4000	0041	7600	0200	0303
T0055	0201	4707	4044	4000	0041	7600	0200	0303
T0056	0201	4100	1420	4202	0000	4702	1420	4000	0041	7601	0200	0303
T0057	0201	4702	1426	4000	0041	7601	0200	0303
T0058	0201	4702	1423	4000	0041	7601	0200	0303
T0059	0201	4702	1407	4000	0041	7601	0200	0303
T0060	0201	4702	1404	4000	0041	7601	0200	0303
T0061	0217	4143	7400	4222	1400	7400	0701	1060	4000	0001	7600	0200	0306
T0062	0201	4222	1411	4000	0001	7600	0200	0307
T0063	0201	4222	1404	4000	0001	7600	0200	0307
T0064	0201	4222	1226	4000	0001	7600	0200	0307
T0065	0201	4222	1221	4000	0001	7600	0200	0307
T0066	0217	4143	3100	4212	1521	7400	0001	0160	4000	0001	7601	0200	0302
T0067	0201	4212	1542	4000	0001	7601	0200	0302
T0068	0201	4212	1527	4000	0001	7601	0200	0302
T0069	0201	4212	1506	4000	0001	7601	0200	0302
T0070	0201	4212	1501	4000	0001	7601	0200	0302
T0071	0217	4103	0400	4213	5000	7400	1401	1560	4000	0001	7600	0200	0307
T0072	0201	4213	5120	4000	0001	7600	0200	0307
T0073	0201	4213	5060	4000	0001	7600	0200	0307
T0074	0201	4213	4560	4000	0001	7600	0200	0307
T0075	0201	4213	4520	4000	0001	7600	0200	0307
T0076	0201	4103	0045	4213	1120	4000	0001	7600	0200	0307
T0077	0201	4213	1200	4000	0001	7600	0200	0307
T0078	0201	4213	1160	4000	0001	7600	0200	0307
T0079	0201	4213	1060	4000	0001	7600	0200	0307
T0080	0201	4213	1040	4000	0001	7600	0200	0307
T0081	0217	4147	1520	4203	2506	7400	1201	1360	4000	0001	7600	0200	0307
T0082	0201	4203	2564	4000	0001	7600	0200	0307
T0083	0201	4203	2540	4000	0001	7600	0200	0307
T0084	0201	4203	2461	4000	0001	7600	0200	0307
T0085	0201	4203	2430	4000	0001	7600	0200	0307
T0086	0217	4166	2400	4206	0000	4702	2400	7400	1107	1260	4000	0041	7601	0200	0310
;
T0087	0201	4702	2445	4000	0041	7601	0200	0310
T0088	0000	0201	4702	2423	4000	0041	7601	0200	0310
T0089	0201	4702	2207	4000	0041	7601	0200	0310
T0090	0201	4702	2165	4000	0041	7601	0200	0310
T0091	0217	4100	3120	4203	0000	4703	3120	7400	1507	1660	4000	0041	7601	0200	0310
;
T0092	0000	0201	4703	3160	4000	0041	7601	0200	0310
T0093	0201	4703	3140	4000	0041	7601	0200	0310
T0094	0201	4703	3100	4000	0041	7601	0200	0310
T0095	0201	4703	3060	4000	0041	7601	0200	0310
T0096	0201	4100	4020	4703	4020	4000	0041	7600	0200	0310
T0097	0201	4703	4064	4000	0041	7600	0200	0310
T0098	0201	4703	4042	4000	0041	7600	0200	0310
T0099	0201	4703	3630	4000	0041	7600	0200	0310
T0100	0201	4703	3606	4000	0041	7600	0200	0310
T0101	0217	4166	7400	4202	0000	4702	3545	7400	0607	0760	4000	0041	7601	0200	0312
;
T0102	0201	4702	4003	4000	0041	7601	0200	0312
T0103	0201	4702	3604	4000	0041	7601	0200	0312
T0104	0201	4702	3506	4000	0041	7601	0200	0312
T0105	0201	4702	3446	4000	0041	7601	0200	0312
T0106	0000	0217	4103	0523	4223	7460	7400	1401	1560	4000	0001	7600	0200	0311
T0107	0201	4223	7600	4000	0001	7600	0200	0311
T0108	0201	4223	7520	4000	0001	7600	0200	0311
T0109	0201	4223	7400	4000	0001	7600	0202	0311
T0110	0201	4223	7200	4000	0001	7600	0200	0311
T0111	0217	4144	1442	4202	0545	7400	0201	0160	4000	0001	7600	0200	0312
T0112	0201	4202	0560	4000	0001	7600	0200	0312
T0113	0201	4202	0547	4000	0001	7600	0200	0312
T0114	0201	4202	0542	4000	0001	7600	0200	0312
T0115	0201	4202	0531	4000	0001	7600	0200	0312
T0116	0217	4103	0141	4223	3020	7400	1401	1560	4000	0001	7601	0200	0313
T0117	0201	4223	3100	4000	0001	7601	0200	0313
T0118	0201	4223	3060	4000	0001	7601	0200	0313
T0119	0201	4223	2620	4000	0001	7601	0200	0313
T0120	0201	4223	2600	4000	0001	7601	0200	0313
T0121	0201	4103	0465	4223	6520	4000	0001	7600	0200	0313
T0122	0201	4223	7040	4000	0001	7600	0200	0313
T0123	0201	4223	6620	4000	0001	7600	0200	0313
T0124	0201	4223	6420	4000	0001	7600	0200	0313
T0125	0201	4223	6200	4000	0001	7600	0200	0313
T0126	0217	4100	1005	4202	0000	4702	1005	7400	2007	2160	4000	0041	7601	0200	0313
;
T0127	0201	4702	1021	4000	0041	7601	0200	0313
T0128	0201	4702	1010	4000	0041	7601	0200	0313
T0129	0201	4702	1002	4000	0041	7601	0200	0313
T0130	0201	4702	0631	4000	0041	7601	0200	0313
T0131	0201	4100	1125	4702	1125	4000	0041	7600	0200	0314
T0132	0201	4702	1143	4000	0041	7600	0200	0314
T0133	0201	4702	1131	4000	0041	7600	0200	0314
T0134	0201	4702	1121	4000	0041	7600	0200	0314
T0135	0201	4702	1107	4000	0041	7600	0200	0314
T0136	0201	4100	1150	4702	1150	4000	0041	7601	0200	0315
T0137	0201	4702	1166	4000	0041	7601	0200	0315
T0138	0000	0201	4702	1162	4000	0041	7601	0200	0315
T0139	0201	4702	1144	4000	0041	7601	0200	0315
T0140	0201	4702	1140	4000	0041	7601	0200	0315
T0141	0201	4100	1165	4702	1165	4000	0041	7600	0200	0315
T0142	0201	4702	1203	4000	0041	7600	0200	0315
T0143	0201	4702	1171	4000	0041	7600	0202	0315
T0144	0201	4702	1161	4000	0041	7600	0200	0315
T0145	0201	4702	1150	4000	0041	7600	0200	0315
T0146	0201	4100	3000	4203	0000	4703	3000	4000	0041	7601	0200	0315
T0147	0201	4703	3030	4000	0041	7601	0200	0315
T0148	0201	4703	3011	4000	0041	7601	0200	0315
T0149	0201	4703	2621	4000	0041	7601	0200	0315
T0150	0201	4703	2602	4000	0041	7601	0200	0315
T0151	0201	4100	3600	4703	3600	4000	0041	7601	0200	0315
T0152	0201	4703	4003	4000	0041	7601	0200	0315
T0153	0201	4703	3622	4000	0041	7601	0200	0315
T0154	0201	4703	3550	4000	0041	7601	0200	0315
T0155	0201	4703	3527	4000	0041	7601	0200	0315
T0156	0201	4100	6000	4703	6000	4000	0041	7600	0200	0315
T0157	0201	4703	6066	4000	0041	7600	0200	0315
T0158	0201	4703	6050	4000	0041	7600	0200	0315
T0159	0201	4703	5602	4000	0041	7600	0200	0315
T0160	0201	4703	5544	4000	0041	7600	0200	0315
T0161	0201	4100	1400	4703	1400	4000	0041	7600	0200	0315
T0162	0201	4703	1411	4000	0041	7600	0200	0315
T0163	0201	4703	1405	4000	0041	7600	0200	0315
T0164	0201	4703	1225	4000	0041	7600	0200	0315
T0165	0201	4703	1221	4000	0041	7600	0200	0315
T0166	0217	4164	1000	4203	0000	4703	5040	7400	0207	0160	4000	0041	7600	0200	0316
;
T0167	0201	4703	5120	4000	0041	7600	0200	0316
T0168	0201	4703	5100	4000	0041	7600	0200	0316
T0169	0201	4703	5000	4000	0041	7600	0200	0316
T0170	0201	4703	4620	4000	0041	7600	0200	0316
T0171	0201	4164	4000	4702	2011	4000	0041	7601	0200	0315
T0172	0201	4702	2041	4000	0041	7601	0200	0315
T0173	0201	4702	2025	4000	0041	7601	0200	0316
T0174	0201	4702	2003	4000	0041	7601	0200	0316
T0175	0201	4702	1627	4000	0041	7601	0200	0316
T0176	0217	4167	5000	4205	5605	7400	0301	0460	4000	0041	7601	0200	0317
T0177	0201	4205	6042	4000	0041	7601	0200	0317
T0178	0201	4205	6004	4000	0041	7601	0200	0317
T0179	0201	4205	5550	4000	0041	7601	0200	0317
T0180	0201	4205	5521	4000	0041	7601	0200	0317
T0181	0217	4144	4120	4212	2064	7400	0201	0160	4000	0001	7600	0200	0316
T0182	0201	4212	2107	4000	0001	7600	0200	0316
T0183	0201	4212	2101	4000	0001	7600	0200	0316
T0184	0201	4212	2046	4000	0001	7600	0200	0316
T0185	0201	4212	2042	4000	0001	7600	0200	0316
T0186	0201	4143	1120	4212	6140	4000	0001	7600	0200	0316
T0187	0201	4212	6420	4000	0001	7600	0200	0316
T0188	0201	4212	6200	4000	0001	7600	0200	0316
T0189	0201	4212	6140	4000	0001	7600	0200	0316
T0190	0201	4212	6100	4000	0001	7600	0200	0316
T0191	0201	4164	6100	4225	6100	7400	0200	0100	2301	2460	4000	0001	7601	0200	0316
;
T0192	0201	4225	6200	4000	0001	7601	0200	0311
T0193	0201	4225	6140	4000	0001	7601	0200	0311
T0194	0201	4225	6040	4000	0001	7601	0200	0316
T0195	0201	4225	6000	4000	0001	7601	0200	0316
7700

