;128ÐÀÇÁÐ
T0001	0217	4103	1120	4213	1421	7400	1701	2060	4000	0001	7600	0200	0301
T0002	0201	4213	1441	4000	0001	7600	0200	0301
T0003	0201	4213	1426	4000	0001	7600	0200	0301
T0004	0201	4213	1406	4000	0001	7600	0200	0301
T0005	0201	4213	1401	4000	0001	7600	0200	0301
T0006	0217	4100	1145	4222	0000	4712	1145	7400	1507	1660	4000	0041	7601	0200	0302
;
T0007	0201	4712	1147	4000	0041	7601	0200	0302
T0008	0201	4712	1146	4000	0041	7601	0200	0302
T0009	0201	4712	1144	4000	0041	7601	0200	0302
T0010	0201	4712	1143	4000	0041	7601	0200	0302
T0011	0201	4100	3000	4213	0000	4713	3000	4000	0041	7601	0200	0302
T0012	0201	4713	3030	4000	0041	7601	0200	0302
T0013	0201	4713	3011	4000	0041	7601	0200	0302
T0014	0201	4713	2621	4000	0041	7601	0200	0302
T0015	0201	4713	2602	4000	0041	7601	0200	0302
T0016	0217	4164	0600	4202	0000	4702	0544	7400	2107	2060	4000	0041	7600	0200	0303
;
T0017	0201	4702	0546	4000	0041	7600	0200	0303
T0018	0201	4702	0545	4000	0041	7600	0200	0303
T0019	0201	4702	0542	4000	0041	7600	0200	0303
T0020	0201	4702	0541	4000	0041	7600	0200	0303
T0021	0201	4164	1200	4702	1125	4000	0041	7601	0200	0303
T0022	0201	4702	1130	4000	0041	7601	0200	0303
T0023	0201	4702	1126	4000	0041	7601	0200	0303
T0024	0201	4702	1123	4000	0041	7601	0200	0303
T0025	0201	4702	1121	4000	0041	7601	0200	0303
T0026	0217	4147	5000	4203	7543	7400	1301	1260	4000	0001	7600	0200	0304
T0027	0201	4203	7620	4000	0001	7600	0200	0304
T0028	0201	4203	7565	4000	0001	7600	0200	0304
T0029	0201	4203	7520	4000	0001	7600	0200	0304
T0030	0201	4203	7500	4000	0001	7600	0200	0304
T0031	0217	4143	3020	4212	2206	7400	2501	2660	4000	0001	7601	0200	0305
T0032	0201	4212	2225	4000	0001	7601	0200	0305
T0033	0201	4212	2220	4000	0001	7601	0200	0305
T0034	0201	4212	2200	4000	0001	7601	0200	0305
T0035	0201	4212	2166	4000	0001	7601	0200	0305
T0036	0217	4145	1560	4202	0543	7400	2201	2460	4000	0001	7601	0200	0305
T0037	0201	4202	0561	4000	0001	7601	0200	0305
T0038	0201	4202	0547	4000	0001	7601	0200	0305
T0039	0201	4202	0531	4000	0001	7601	0200	0305
T0040	0201	4202	0525	4000	0001	7601	0200	0305
T0041	0217	4146	2400	4202	3620	7400	1301	1260	4000	0001	7600	0200	0306
T0042	0201	4202	4140	4000	0001	7600	0200	0306
T0043	0201	4202	4040	4000	0001	7600	0200	0306
T0044	0201	4202	3502	4000	0001	7600	0200	0306
T0045	0201	4202	3403	4000	0001	7600	0200	0306
T0046	0210	4143	3040	4212	2224	7400	2501	2660	4000	0001	7601	0200	0305
T0047	0201	4212	2403	4000	0001	7601	0200	0305
T0048	0201	4212	2230	4000	0001	7601	0200	0305
T0049	0201	4212	2211	4000	0001	7601	0200	0305
T0050	0201	4212	2204	4000	0001	7601	0200	0305
T0051	0217	4100	1220	4212	0000	4712	1220	7400	1507	1660	4000	0041	7601	0200	0307
;
T0052	0201	4712	1223	4000	0041	7601	0200	0307
T0053	0201	4712	1222	4000	0041	7601	0200	0307
T0054	0201	4712	1210	4000	0041	7601	0200	0307
T0055	0201	4712	1207	4000	0041	7601	0200	0307
T0056	0201	4100	4520	4213	0000	4703	4520	4000	0041	7600	0200	0307
T0057	0201	4703	4544	4000	0041	7600	0200	0307
T0058	0201	4703	4527	4000	0041	7600	0200	0307
T0059	0201	4703	4503	4000	0041	7600	0200	0307
T0060	0201	4703	4466	4000	0041	7600	0200	0307
T0061	0217	4143	1520	4212	1520	7400	1501	1660	4000	0001	7601	0200	0310
T0062	0201	4212	1527	4000	0001	7601	0200	0310
T0063	0201	4212	1524	4000	0001	7601	0200	0310
T0064	0201	4212	1507	4000	0001	7601	0200	0310
T0065	0201	4212	1503	4000	0001	7601	0200	0310
T0066	0201	4143	2500	4212	2500	4000	0001	7600	0200	0310
T0067	0201	4212	2521	4000	0001	7600	0200	0310
T0068	0201	4212	2505	4000	0001	7600	0200	0310
T0069	0201	4212	2465	4000	0001	7600	0200	0310
T0070	0201	4212	2451	4000	0001	7600	0200	0310
T0071	0000	0217	4100	3200	4203	0000	4703	3200	7400	1507	1660	4000	0041	7601	0200	0310
T0072	0201	4703	3400	4000	0041	7601	0200	0310
T0073	0201	4703	3220	4000	0041	7601	0200	0310
T0074	0201	4703	3160	4000	0041	7601	0200	0310
T0075	0201	4703	3140	4000	0041	7601	0200	0310
T0076	0201	4100	4060	4703	4060	4000	0041	7600	0200	0310
T0077	0201	4703	4125	4000	0041	7600	0200	0310
T0078	0201	4703	4102	4000	0041	7600	0200	0310
T0079	0201	4703	4027	4000	0041	7600	0200	0310
T0080	0201	4703	4005	4000	0041	7600	0200	0310
T0081	0217	4103	4040	4223	5027	7400	1701	2060	4000	0001	7600	0200	0311
T0082	0201	4223	5070	4000	0001	7600	0200	0311
T0083	0201	4223	5047	4000	0001	7600	0200	0311
T0084	0201	4223	5010	4000	0001	7600	0200	0311
T0085	0201	4223	4626	4000	0001	7600	0200	0311
T0086	0217	4100	2000	4203	0000	4703	2000	7400	1507	1660	4000	0041	7601	0200	0311
;
T0087	0201	4703	2010	4000	0041	7601	0200	0311
T0088	0201	4703	2004	4000	0041	7601	0200	0311
T0089	0201	4703	1630	4000	0041	7601	0200	0311
T0090	0201	4703	1626	4000	0041	7601	0200	0311
T0091	0217	4163	3060	4212	0000	4712	2401	7400	2507	2660	4000	0041	7601	0200	0312
;
T0092	0201	4712	2422	4000	0041	7601	0200	0312
T0093	0201	4712	2407	4000	0041	7601	0200	0312
T0094	0201	4712	2226	4000	0041	7601	0200	0312
T0095	0201	4712	2221	4000	0041	7601	0200	0312
T0096	0217	4143	1140	4212	5126	7400	2601	2760	4000	0001	7600	0200	0312
T0097	0201	4212	5210	4000	0001	7600	0200	0312
T0098	0201	4212	5161	4000	0001	7600	0200	0312
T0099	0201	4212	5071	4000	0001	7600	0200	0312
T0100	0201	4212	5043	4000	0001	7600	0200	0312
T0101	0217	4100	3120	4203	0000	4703	3120	7400	1507	1660	4000	0041	7601	0200	0313
;
T0102	0201	4703	3140	4000	0041	7601	0200	0313
T0103	0201	4703	3125	4000	0041	7601	0200	0313
T0104	0201	4703	3105	4000	0041	7601	0200	0313
T0105	0201	4703	3100	4000	0041	7601	0200	0313
T0106	0201	4100	5400	4703	5400	4000	0041	7600	0200	0313
T0107	0201	4703	5427	4000	0041	7600	0200	0313
T0108	0201	4703	5410	4000	0041	7600	0200	0313
T0109	0201	4703	5222	4000	0041	7600	0200	0313
T0110	0201	4703	5203	4000	0041	7600	0200	0313
7700

