;571ÐÀÇÁÐ
T0001	0217	4100	1560	4203	0000	4732	2110	7400	1707	0701	0660	4000	0041	7600	0024	0301
T0002	0201	4732	2065	4000	0041	7600	0024	0301
T0003	0201	4732	2102	4000	0041	7600	0024	0301
T0004	0201	4732	2124	4000	0041	7600	0024	0301
T0005	0201	4732	2141	4000	0041	7600	0024	0301
T0006	0201	4100	1427	4732	1604	4000	0041	7600	0024	0301
T0007	0201	4732	1562	4000	0041	7600	0024	0301
T0008	0201	4732	1570	4000	0041	7600	0024	0301
T0009	0201	4732	1620	4000	0041	7600	0024	0301
T0010	0201	4732	1626	4000	0041	7600	0024	0301
T0011	0201	4100	2023	4732	2400	4000	0041	7600	0024	0301
T0012	0201	4732	2206	4000	0041	7600	0024	0301
T0013	0201	4732	2223	4000	0041	7600	0024	0301
T0014	0201	4732	2407	4000	0041	7600	0024	0301
T0015	0201	4732	2425	4000	0041	7600	0024	0301
T0016	0217	4100	1166	4202	0000	4732	2160	7400	1707	2201	1060	4000	0041	7601	0024	0302
T0017	0201	4732	2127	4000	0041	7601	0024	0302
T0018	0201	4732	2143	4000	0041	7601	0024	0302
T0019	0201	4732	2167	4000	0041	7601	0024	0302
T0020	0201	4732	2204	4000	0041	7601	0024	0302
T0021	0201	4100	1120	4732	2046	4000	0041	7601	0024	0302
T0022	0201	4732	2022	4000	0041	7601	0024	0302
T0023	0000	0201	4732	2031	4000	0041	7601	0024	0302
T0024	0201	4732	2062	4000	0041	7601	0024	0302
T0025	0201	4732	2100	4000	0041	7601	0024	0302
T0026	0217	4123	6440	4217	6000	7400	0701	0060	4000	0001	7601	0200	0303
T0027	0201	4217	5540	4000	0001	7601	0200	0303
T0028	0201	4217	5600	4000	0001	7601	0200	0303
T0029	0201	4217	6040	4000	0001	7601	0200	0303
T0030	0201	4217	6100	4000	0001	7601	0200	0303
T0031	0201	4122	6500	4227	0600	7400	0000	0260	4000	0001	7601	0200	0303
T0032	0201	4227	0564	4000	0001	7601	0200	0303
T0033	0201	4227	0567	4000	0001	7601	0200	0303
T0034	0201	4227	0602	4000	0001	7601	0200	0303
T0035	0201	4227	0605	4000	0001	7601	0200	0303
T0036	0217	4146	1000	4202	2440	7400	2301	2060	4000	0001	7600	0100	0304
T0037	0201	4202	2224	4000	0001	7600	0100	0304
T0038	0201	4202	2407	4000	0001	7600	0100	0304
T0039	0201	4202	2463	4000	0001	7600	0100	0304
T0040	0201	4202	2506	4000	0001	7600	0100	0304
T0041	0217	4146	1400	4202	2200	7400	2001	2160	4000	0001	7600	0200	0305
T0042	0201	4202	2126	4000	0001	7600	0200	0305
T0043	0201	4202	2151	4000	0001	7600	0200	0305
T0044	0201	4202	2223	4000	0001	7600	0200	0305
T0045	0201	4202	2404	4000	0001	7600	0200	0305
T0046	0000	0217	4146	2400	4202	2400	7400	2101	2360	4000	0001	7600	0200	0305
T0047	0201	4202	2165	4000	0001	7600	0200	0305
T0048	0201	4202	2210	4000	0001	7600	0200	0305
T0049	0201	4202	2423	4000	0001	7600	0200	0305
T0050	0201	4202	2445	4000	0001	7600	0200	0305
T0051	0000	0217	4146	5000	4202	3040	7400	0701	0160	4000	0001	7600	0200	0306
T0052	0201	4202	2611	4000	0001	7600	0200	0306
T0053	0201	4202	3005	4000	0001	7600	0200	0306
T0054	0201	4202	3066	4000	0001	7600	0200	0306
T0055	0201	4202	3121	4000	0001	7600	0200	0306
T0056	0217	4166	6000	4202	0000	4702	2402	7400	2607	0260	4000	0041	7601	0200	0307
;
T0057	0201	4702	2167	4000	0041	7601	0200	0307
T0058	0201	4702	2211	4000	0041	7601	0200	0307
T0059	0201	4702	2424	4000	0041	7601	0200	0307
T0060	0201	4702	2447	4000	0041	7601	0200	0307
T0061	0217	4165	0600	4202	0000	4702	2447	7400	1707	0560	4000	0041	7601	0200	0307
;
T0062	0201	4702	2401	4000	0041	7601	0200	0307
T0063	0201	4702	2446	4000	0041	7601	0200	0307
T0064	0201	4702	2502	4000	0041	7601	0200	0307
T0065	0201	4702	2524	4000	0041	7601	0200	0307
T0066	0217	4145	1026	4202	1131	7400	0701	1560	4000	0001	7600	0200	0304
T0067	0000	0201	4202	1106	4000	0001	7600	0200	0307
T0068	0201	4202	1123	4000	0001	7600	0200	0307
T0069	0201	4202	1145	4000	0001	7600	0100	0307
T0070	0201	4202	1162	4000	0001	7600	0100	0307
T0071	0217	4145	1444	4202	1103	7400	0701	0460	4000	0001	7600	0100	0310
T0072	0201	4202	1061	4000	0001	7600	0200	0310
T0073	0201	4202	1067	4000	0001	7600	0200	0310
T0074	0201	4202	1111	4000	0001	7600	0200	0310
T0075	0201	4202	1125	4000	0001	7600	0200	0310
T0076	0217	4145	2000	4202	1101	7400	0701	0360	4000	0001	7600	0200	0310
T0077	0201	4202	1060	4000	0001	7600	0200	0310
T0078	0201	4202	1066	4000	0001	7600	0200	0310
T0079	0201	4202	1110	4000	0001	7600	0200	0310
T0080	0201	4202	1124	4000	0001	7600	0200	0310
T0081	0217	4145	2460	4202	1100	7400	0701	1160	4000	0001	7600	0200	0310
T0082	0201	4202	1050	4000	0001	7600	0200	0310
T0083	0201	4202	1064	4000	0001	7600	0200	0310
T0084	0201	4202	1107	4000	0001	7600	0200	0310
T0085	0201	4202	1122	4000	0001	7600	0200	0310
T0086	0217	4164	0560	4232	0000	4732	2445	7400	2707	0160	4000	0041	7601	0200	0310
;
T0087	0201	4732	2420	4000	0041	7601	0200	0311
T0088	0201	4732	2427	4000	0041	7601	0200	0311
T0089	0201	4732	2463	4000	0041	7601	0200	0311
T0090	0201	4732	2500	4000	0041	7601	0200	0311
T0091	0217	4164	1400	4232	0000	4732	2200	7400	2507	0360	4000	0041	7601	0200	0311
;
T0092	0201	4732	2146	4000	0041	7601	0200	0311
T0093	0201	4732	2162	4000	0041	7601	0200	0311
T0094	0201	4732	2210	4000	0041	7601	0200	0311
T0095	0201	4732	2224	4000	0041	7601	0200	0311
T0096	0000	0217	4164	2420	4222	0000	4722	2425	7400	1307	1260	4000	0041	7601	0200	0312
T0097	0201	4722	2231	4000	0041	7601	0200	0312
T0098	0201	4722	2406	4000	0041	7601	0200	0312
T0099	0201	4722	2443	4000	0041	7601	0200	0312
T0100	0201	4722	2460	4000	0041	7601	0200	0312
T0101	0201	4164	3460	4722	3466	4000	0041	7601	0200	0312
T0102	0201	4722	3426	4000	0041	7601	0200	0312
T0103	0201	4722	3446	4000	0041	7601	0200	0312
T0104	0201	4722	3507	4000	0041	7601	0200	0312
T0105	0201	4722	3527	4000	0041	7601	0200	0312
T0106	0217	4142	0551	4232	2501	7400	1701	0660	4000	0001	7600	0200	0313
T0107	0201	4232	2445	4000	0001	7600	0200	0313
T0108	0201	4232	2464	4000	0001	7600	0200	0313
T0109	0201	4232	2520	4000	0001	7600	0200	0313
T0110	0201	4232	2527	4000	0001	7600	1000	0313
T0111	0217	4142	0446	4232	2620	7400	0701	1260	4000	0001	7600	0200	0313
T0112	0201	4232	2562	4000	0001	7600	0200	0313
T0113	0201	4232	2601	4000	0001	7600	0200	0313
T0114	0201	4232	2631	4000	0001	7600	0200	0313
T0115	0201	4232	3007	4000	0001	7600	0200	0313
T0116	0217	4162	0560	4232	0000	4732	2504	7400	1707	0660	4000	0041	7600	0200	0313
;
T0117	0201	4732	2450	4000	0041	7600	0200	0313
T0118	0201	4732	2466	4000	0041	7600	0200	0313
T0119	0201	4732	2522	4000	0041	7600	0200	0313
T0120	0201	4732	2540	4000	0041	7600	0200	0313
T0121	0217	4142	0627	4232	3060	7400	1701	0660	4000	0001	7600	0200	0314
T0122	0201	4232	3021	4000	0001	7600	0200	0314
T0123	0201	4232	3041	4000	0001	7600	0200	0314
T0124	0201	4232	3103	4000	0001	7600	0200	0314
T0125	0201	4232	3111	4000	0001	7600	0200	0314
T0126	0217	4142	1200	4232	2540	7400	0701	1460	4000	0001	7600	0200	0314
T0127	0201	4232	2503	4000	0001	7600	0200	0314
T0128	0201	4232	2522	4000	0001	7600	0200	0314
T0129	0201	4232	2550	4000	0001	7600	0200	0314
T0130	0201	4232	2567	4000	0001	7600	0200	0314
T0131	0217	4162	2200	4232	0000	4732	2450	7400	0707	0060	4000	0041	7600	0200	0314
;
T0132	0201	4732	2423	4000	0041	7600	0200	0314
T0133	0201	4732	2440	4000	0041	7600	0200	0314
T0134	0201	4732	2466	4000	0041	7600	0200	0314
T0135	0201	4732	2503	4000	0041	7600	0200	0314
T0136	0201	4162	2560	4232	0000	4732	3047	4000	0041	7600	0200	0315
T0137	0201	4732	3010	4000	0041	7600	0200	0315
T0138	0201	4732	3030	4000	0041	7600	0200	0315
T0139	0201	4732	3036	4000	0041	7600	0200	0315
T0140	0201	4732	3106	4000	0041	7600	0200	0315
T0141	0217	4162	6040	4232	0000	4732	3010	7400	2407	0460	4000	0041	7601	0200	0316
;
T0142	0201	4732	2620	4000	0041	7601	0200	0316
T0143	0201	4732	3000	4000	0041	7601	0200	0316
T0144	0201	4732	3030	4000	0041	7601	0200	0316
T0145	0201	4732	3047	4000	0041	7601	0200	0316
T0146	0217	4161	1000	4232	0000	4732	2566	7400	0707	0660	4000	0041	7601	0200	0317
;
T0147	0201	4732	2531	4000	0041	7601	0200	0317
T0148	0201	4732	2547	4000	0041	7601	0200	0317
T0149	0000	0201	4732	2605	4000	0041	7601	0200	0317
T0150	0201	4732	2623	4000	0041	7601	0200	0310
7700

