;кохт 4м2
T0001	0217	7400	0001	0140	0223	4303	7620	4100	7626	4203	0000	4000	0003	7600	0005	0000
T0002	0201	4313	7620	4000	0003	7600	0005	0000
T0003	0201	4323	7620	4000	0003	7600	0005	0000
T0004	0201	4343	7620	4000	0003	7600	0005	0000
T0005	0201	4307	7620	4120	7604	4207	0000	4000	0003	7600	0005	0000
T0006	0201	4317	7620	4000	0003	7600	0005	0000
T0007	0201	4327	7620	4000	0003	7600	0005	0000
T0008	0201	4347	7620	4000	0003	7600	0005	0000
T0009	0201	4302	7620	4110	7624	4202	0000	4000	0003	7600	0005	0000
T0010	0201	4312	7620	4000	0003	7600	0005	0000
T0011	0201	4322	7620	4000	0003	7600	0005	0000
T0012	0201	4342	7620	4000	0003	7600	0005	0000
T0013	0201	4306	7620	4130	7606	4206	0000	4000	0003	7600	0005	0000
T0014	0201	4316	7620	4000	0003	7600	0005	0000
T0015	0201	4326	7620	4000	0003	7600	0005	0000
T0016	0201	4346	7620	4000	0003	7600	0005	0000
T0017	0203	7400	0224	4403	7620	4100	7626	4203	0000	4000	0005	7600	0005	0000
T0018	0201	4413	7620	4000	0005	7600	0005	0000
T0019	0201	4423	7620	4000	0005	7600	0005	0000
T0020	0201	4443	7620	4000	0005	7600	0005	0000
T0021	0201	4407	7620	4120	7604	4207	0000	4000	0005	7600	0005	0000
T0022	0201	4417	7620	4000	0005	7600	0005	0000
T0023	0201	4427	7620	4000	0005	7600	0005	0000
T0024	0201	4447	7620	4000	0005	7600	0005	0000
T0025	0201	4402	7620	4110	7624	4202	0000	4000	0005	7600	0005	0000
T0026	0201	4412	7620	4000	0005	7600	0005	0000
T0027	0201	4422	7620	4000	0005	7600	0005	0000
T0028	0201	4442	7620	4000	0005	7600	0005	0000
T0029	0201	4406	7620	4130	7606	4206	0000	4000	0005	7600	0005	0000
T0030	0201	4416	7620	4000	0005	7600	0005	0000
T0031	0201	4426	7620	4000	0005	7600	0005	0000
T0032	0201	4446	7620	4000	0005	7600	0005	0000
T0033	0203	7400	0225	4503	7620	4100	7626	4203	0000	4000	0011	7600	0005	0000
T0034	0201	4513	7620	4000	0011	7600	0005	0000
T0035	0201	4523	7620	4000	0011	7600	0005	0000
T0036	0201	4543	7620	4000	0011	7600	0005	0000
T0037	0201	4507	7620	4120	7604	4207	0000	4000	0011	7600	0005	0000
T0038	0201	4517	7620	4000	0011	7600	0005	0000
T0039	0201	4527	7620	4000	0011	7600	0005	0000
T0040	0201	4547	7620	4000	0011	7600	0005	0000
T0041	0201	4502	7620	4110	7624	4202	0000	4000	0011	7600	0005	0000
T0042	0201	4512	7620	4000	0011	7600	0005	0000
T0043	0201	4522	7620	4000	0011	7600	0005	0000
T0044	0201	4542	7620	4000	0011	7600	0005	0000
T0045	0201	4506	7620	4130	7606	4206	0000	4000	0011	7600	0005	0000
T0046	0201	4516	7620	4000	0011	7600	0005	0000
T0047	0201	4526	7620	4000	0011	7600	0005	0000
T0048	0201	4546	7620	4000	0011	7600	0005	0000
T0049	0203	7400	0226	4603	7620	4100	7626	4203	0000	4000	0021	7600	0005	0000
T0050	0201	4613	7620	4000	0021	7600	0005	0000
T0051	0201	4623	7620	4000	0021	7600	0005	0000
T0052	0201	4643	7620	4000	0021	7600	0005	0000
T0053	0201	4607	7620	4120	7604	4207	0000	4000	0021	7600	0005	0000
T0054	0201	4617	7620	4000	0021	7600	0005	0000
T0055	0201	4627	7620	4000	0021	7600	0005	0000
T0056	0201	4647	7620	4000	0021	7600	0005	0000
T0057	0201	4602	7620	4110	7624	4202	0000	4000	0021	7600	0005	0000
T0058	0201	4612	7620	4000	0021	7600	0005	0000
T0059	0201	4622	7620	4000	0021	7600	0005	0000
T0060	0201	4642	7620	4000	0021	7600	0005	0000
T0061	0201	4606	7620	4130	7606	4206	0000	4000	0021	7600	0005	0000
T0062	0201	4616	7620	4000	0021	7600	0005	0000
T0063	0201	4626	7620	4000	0021	7600	0005	0000
T0064	0201	4646	7620	4000	0021	7600	0005	0000
T0065	0203	7400	0227	4703	7620	4100	7626	4203	0000	4000	0041	7600	0005	0000
T0066	0201	4713	7620	4000	0041	7600	0005	0000
T0067	0201	4723	7620	4000	0041	7600	0005	0000
T0068	0201	4743	7620	4000	0041	7600	0005	0000
T0069	0201	4707	7620	4120	7604	4207	0000	4000	0041	7600	0005	0000
T0070	0201	4717	7620	4000	0041	7600	0005	0000
T0071	0201	4727	7620	4000	0041	7600	0005	0000
T0072	0201	4747	7620	4000	0041	7600	0005	0000
T0073	0201	4702	7620	4110	7624	4202	0000	4000	0041	7600	0005	0000
T0074	0201	4712	7620	4000	0041	7600	0005	0000
T0075	0201	4722	7620	4000	0041	7600	0005	0000
T0076	0201	4742	7620	4000	0041	7600	0005	0000
T0077	0201	4706	7620	4130	7606	4206	0000	4000	0041	7600	0005	0000
T0078	0201	4716	7620	4000	0041	7600	0005	0000
T0079	0201	4726	7620	4000	0041	7600	0005	0000
T0080	0201	4746	7620	4000	0041	7600	0005	0000
T0081	0201	4701	7625	4110	7631	4201	0000	4000	0041	7600	0005	0000
T0082	0201	4711	7625	4000	0041	7600	0005	0000
T0083	0201	4721	7625	4000	0041	7600	0005	0000
T0084	0201	4741	7625	4000	0041	7600	0005	0000
T0085	0201	4705	7625	4130	7621	4205	0000	4000	0041	7600	0005	0000
T0086	0201	4715	7625	4000	0041	7600	0005	0000
T0087	0201	4725	7625	4000	0041	7600	0005	0000
T0088	0201	4745	7625	4000	0041	7600	0005	0000
T0089	0203	7400	0222	5103	7620	4100	7626	4203	0000	4000	0101	7600	0005	0000
T0090	0201	5113	7620	4000	0101	7600	0005	0000
T0091	0201	5123	7620	4000	0101	7600	0005	0000
T0092	0201	5143	7620	4000	0101	7600	0005	0000
T0093	0201	5107	7620	4120	7604	4207	0000	4000	0101	7600	0005	0000
T0094	0201	5117	7620	4000	0101	7600	0005	0000
T0095	0201	5127	7620	4000	0101	7600	0005	0000
T0096	0201	5147	7620	4000	0101	7600	0005	0000
T0097	0201	5102	7620	4110	7624	4202	0000	4000	0101	7600	0005	0000
T0098	0201	5112	7620	4000	0101	7600	0005	0000
T0099	0201	5122	7620	4000	0101	7600	0005	0000
T0100	0201	5142	7620	4000	0101	7600	0005	0000
T0101	0201	5106	7620	4130	7606	4206	0000	4000	0101	7600	0005	0000
T0102	0201	5116	7620	4000	0101	7600	0005	0000
T0103	0201	5126	7620	4000	0101	7600	0005	0000
T0104	0201	5146	7620	4000	0101	7600	0005	0000
T0105	0201	5101	7625	4110	7631	4201	0000	4000	0101	7600	0005	0000
T0106	0201	5111	7625	4000	0101	7600	0005	0000
T0107	0201	5121	7625	4000	0101	7600	0005	0000
T0108	0201	5141	7625	4000	0101	7600	0005	0000
T0109	0201	5105	7625	4130	7621	4205	0000	4000	0101	7600	0005	0000
T0110	0201	5115	7625	4000	0101	7600	0005	0000
T0111	0201	5125	7625	4000	0101	7600	0005	0000
T0112	0201	5145	7625	4000	0101	7600	0005	0000
7700

