;êîõòï 6ì
T0001	0217	7524	4147	0124	4203	2400	7400	0001	0160	4000	0001	7600	0062	0000
T0002	0217	7524	4147	0106	7400	0001	0160	4000	0001	7601	0062	0000
T0003	0217	7524	4167	0124	4207	2400	7400	0001	0160	4000	0001	7601	0062	0000
T0004	0217	7524	4167	0106	7400	0001	0160	4000	0001	7600	0062	0000
T0005	0217	7524	4147	2423	4203	2400	7400	0001	0160	4000	0001	7600	0062	0000
T0006	0217	7524	4147	2207	7400	0001	0160	4000	0001	7601	0062	0000
T0007	0217	7524	4167	2423	4207	2400	7400	0001	0160	4000	0001	7601	0062	0000
T0008	0217	7524	4167	2207	7400	0001	0160	4000	0001	7600	0062	0000
T0009	0217	7524	4146	2410	4203	2400	7400	0001	0160	4000	0001	7600	0024	0000
T0010	0217	7524	4146	2222	7400	0001	0160	4000	0001	7601	0024	0000
T0011	0217	7524	4166	2410	4207	2400	7400	0001	0160	4000	0001	7601	0024	0000
T0012	0217	7524	4166	2222	7400	0001	0160	4000	0001	7600	0024	0000
T0013	0217	7524	4145	2405	4203	2400	7400	0001	0160	4000	0001	7600	0024	0000
T0014	0217	7524	4145	2225	7400	0001	0160	4000	0001	7601	0024	0000
T0015	0217	7524	4165	2405	4207	2400	7400	0001	0160	4000	0001	7601	0024	0000
T0016	0217	7524	4165	2225	7400	0001	0160	4000	0001	7600	0024	0000
T0017	0217	7524	4144	5010	4203	2400	7400	0001	0160	4000	0001	7600	0005	0000
T0018	0217	7524	4144	4622	7400	0001	0160	4000	0001	7601	0005	0000
T0019	0217	7524	4164	5010	4207	2400	7400	0001	0160	4000	0001	7601	0005	0000
T0020	0217	7524	4164	4622	7400	0001	0160	4000	0001	7600	0005	0000
T0021	0217	7524	4143	2405	4223	2400	7400	0001	0160	4000	0001	7600	0005	0000
T0022	0217	7524	4143	2225	7400	0001	0160	4000	0001	7601	0005	0000
T0023	0217	7524	4163	2405	4227	2400	7400	0001	0160	4000	0001	7601	0005	0000
T0024	0217	7524	4163	2225	7400	0001	0160	4000	0001	7600	0005	0000
T0025	0217	7524	4142	5007	4243	2400	7400	0001	0160	4000	0001	7600	0003	0000
T0026	0217	7524	4142	4623	7400	0001	0160	4000	0001	7601	0003	0000
T0027	0217	7524	4162	5007	4247	2400	7400	0001	0160	4000	0001	7601	0003	0000
T0028	0217	7524	4162	4623	7400	0001	0160	4000	0001	7600	0003	0000
T0029	0217	7524	4141	1011	4241	7400	7400	0001	0160	4000	0001	7600	0003	0000
T0030	0217	7524	4141	0621	7400	0001	0160	4000	0001	7601	0003	0000
T0031	0217	7524	4161	1011	4245	7400	7400	0001	0160	4000	0001	7601	0003	0000
T0032	0217	7524	4161	0621	7400	0001	0160	4000	0001	7600	0003	0000
T0033	0217	7524	4141	1412	4241	7400	7400	0001	0160	4000	0001	7600	0003	0000
T0034	0217	7524	4141	1220	7400	0001	0160	4000	0001	7601	0003	0000
T0035	0217	7524	4161	1412	4245	7400	7400	0001	0160	4000	0001	7601	0003	0000
T0036	0217	7524	4161	1220	7400	0001	0160	4000	0001	7600	0003	0000
T0037	0217	7524	4141	2421	4241	7400	7400	0001	0160	4000	0001	7600	0003	0000
T0038	0217	7524	4141	2211	7400	0001	0160	4000	0001	7601	0003	0000
T0039	0217	7524	4161	2421	4245	7400	7400	0001	0160	4000	0001	7601	0003	0000
T0040	0217	7524	4161	2211	7400	0001	0160	4000	0001	7600	0003	0000
T0041	0217	7524	4141	2405	4243	4000	7400	0001	0160	4000	0001	7600	0003	0000
T0042	0217	7524	4141	2225	7400	0001	0160	4000	0001	7601	0003	0000
T0043	0217	7524	4161	2405	4247	4000	7400	0001	0160	4000	0001	7601	0003	0000
T0044	0217	7524	4161	2225	7400	0001	0160	4000	0001	7600	0003	0000
T0045	0217	7524	4161	2405	4243	5000	4742	1400	7400	0001	0140	0227	4000	0041	7601	0003	0000
T0046	0217	7524	4161	2225	4243	5000	4742	1400	7400	0001	0140	0227	4000	0041	7600	0003	0000
T0047	0217	7524	4141	2405	4247	5000	4746	1400	7400	0001	0140	0227	4000	0041	7600	0003	0000
T0048	0217	7524	4141	2225	4247	5000	4746	1400	7400	0001	0140	0227	4000	0041	7601	0003	0000
T0049	0217	7524	4147	0151	4201	7400	7400	0001	0160	4000	0001	7600	0226	0000
T0050	0217	7524	4147	0061	7400	0001	0160	4000	0001	7601	0226	0000
T0051	0217	7524	4167	0151	4205	7400	7400	0001	0160	4000	0001	7601	0226	0000
T0052	0217	7524	4167	0061	7400	0001	0160	4000	0001	7600	0226	0000
7700

