;кохт 7м2
T0001	0217	4115	0000	4203	7400	7400	0001	0260	4000	0001	7600	0064	0000
T0002	0201	4202	7400	4000	0001	7600	0064	0000
T0003	0201	4201	7400	4000	0001	7600	0064	0000
T0004	0201	4135	0000	4207	7400	4000	0001	7600	0064	0000
T0005	0201	4206	7400	4000	0001	7600	0064	0000
T0006	0201	4205	7400	4000	0001	7600	0064	0000
T0007	0201	4115	0000	4203	0400	4000	0001	7600	0120	0000
T0008	0201	4202	0400	4000	0001	7600	0120	0000
T0009	0201	4201	0400	4000	0001	7600	0120	0000
T0010	0201	4135	0000	4207	0400	4000	0001	7600	0120	0000
T0011	0201	4206	0400	4000	0001	7600	0120	0000
T0012	0201	4205	0400	4000	0001	7600	0120	0000
T0013	0201	4114	0000	4203	7400	4000	0001	7600	0026	0000
T0014	0201	4202	7400	4000	0001	7600	0026	0000
T0015	0201	4201	7400	4000	0001	7600	0026	0000
T0016	0201	4134	0000	4207	7400	4000	0001	7600	0026	0000
T0017	0201	4206	7400	4000	0001	7600	0026	0000
T0018	0201	4205	7400	4000	0001	7600	0026	0000
T0019	0201	4114	0000	4203	0400	4000	0001	7600	0062	0000
T0020	0201	4202	0400	4000	0001	7600	0062	0000
T0021	0201	4201	0400	4000	0001	7600	0062	0000
T0022	0201	4134	0000	4207	0400	4000	0001	7600	0062	0000
T0023	0201	4206	0400	4000	0001	7600	0062	0000
T0024	0201	4205	0400	4000	0001	7600	0062	0000
T0025	0201	4113	0000	4223	7400	4000	0001	7600	0014	0000
T0026	0201	4222	7400	4000	0001	7600	0014	0000
T0027	0201	4221	7400	4000	0001	7600	0014	0000
T0028	0201	4133	0000	4227	7400	4000	0001	7600	0014	0000
T0029	0201	4226	7400	4000	0001	7600	0014	0000
T0030	0201	4225	7400	4000	0001	7600	0014	0000
T0031	0201	4113	0000	4223	0400	4000	0001	7600	0050	0000
T0032	0201	4222	0400	4000	0001	7600	0050	0000
T0033	0201	4221	0400	4000	0001	7600	0050	0000
T0034	0201	4133	0000	4227	0400	4000	0001	7600	0050	0000
T0035	0201	4226	0400	4000	0001	7600	0050	0000
T0036	0201	4225	0400	4000	0001	7600	0050	0000
T0037	0201	4112	0000	4233	7400	4000	0001	7600	0007	0000
T0038	0201	4232	7400	4000	0001	7600	0007	0000
T0039	0201	4231	7400	4000	0001	7600	0007	0000
T0040	0201	4132	0000	4237	7400	4000	0001	7600	0007	0000
T0041	0201	4236	7400	4000	0001	7600	0007	0000
T0042	0201	4235	7400	4000	0001	7600	0007	0000
T0043	0201	4112	0000	4233	0400	4000	0001	7600	0043	0000
T0044	0201	4232	0400	4000	0001	7600	0043	0000
T0045	0201	4231	0400	4000	0001	7600	0043	0000
T0046	0201	4132	0000	4237	0400	4000	0001	7600	0043	0000
T0047	0201	4236	0400	4000	0001	7600	0043	0000
T0048	0201	4235	0400	4000	0001	7600	0043	0000
T0049	0201	4111	0000	4233	2400	4000	0001	7600	0011	0000
T0050	0201	4232	2400	4000	0001	7600	0011	0000
T0051	0201	4231	2400	4000	0001	7600	0011	0000
T0052	0201	4131	0000	4237	2400	4000	0001	7600	0011	0000
T0053	0201	4236	2400	4000	0001	7600	0011	0000
T0054	0201	4235	2400	4000	0001	7600	0011	0000
T0055	0201	4111	0000	4233	0400	4000	0001	7600	0041	0000
T0056	0201	4232	0400	4000	0001	7600	0041	0000
T0057	0201	4231	0400	4000	0001	7600	0041	0000
T0058	0201	4131	0000	4237	0400	4000	0001	7600	0041	0000
T0059	0201	4236	0400	4000	0001	7600	0041	0000
T0060	0201	4235	0400	4000	0001	7600	0041	0000
T0061	0201	4103	0400	4232	0400	4000	0001	7601	0012	0000
T0062	0201	4232	7631	4000	0001	7601	0012	0000
T0063	0201	4123	0400	4236	0400	4000	0001	7600	0012	0000
T0064	0201	4236	7631	4000	0001	7600	0012	0000
T0065	0201	4103	1000	4232	0400	4000	0001	7601	0012	0000
T0066	0201	4232	7631	4000	0001	7601	0012	0000
T0067	0201	4123	1000	4236	0400	4000	0001	7600	0012	0000
T0068	0201	4236	7631	4000	0001	7600	0012	0000
T0069	0201	4103	3000	4232	0400	4000	0001	7601	0012	0000
T0070	0201	4232	7631	4000	0001	7601	0012	0000
T0071	0201	4123	3000	4236	0400	4000	0001	7600	0012	0000
T0072	0201	4236	7631	4000	0001	7600	0012	0000
T0073	0201	4103	4000	4232	0400	4000	0001	7601	0012	0000
T0074	0201	4232	7631	4000	0001	7601	0012	0000
T0075	0201	4123	4000	4236	0400	4000	0001	7600	0012	0000
T0076	0201	4236	7631	4000	0001	7600	0012	0000
T0077	0201	4103	4000	4231	0400	4000	0001	7601	0012	0000
T0078	0201	4231	7631	4000	0001	7601	0012	0000
T0079	0201	4123	4000	4235	0400	4000	0001	7601	0012	0000
T0080	0201	4235	7631	4000	0001	7601	0012	0000
7700

