;מצֻ3ך
T0001	0217	7400	0001	0101	0201	0301	0401	0501	0601	0701	1001	1101	1201	1301	1401	1501	1601	1721	4145	7777	7600	0005	0310
;
T0002	0217	4144	0005	4203	5000	7400	0701	1760	4000	0001	7601	0020	0307
T0003	0201	4144	3000	7400	0701	1760	4000	0001	7600	0020	0307
T0004	0217	4144	0005	4203	6000	7400	0001	2460	4000	0001	7601	0012	0307
T0005	0201	7400	0000	0121	4000	0001	7601	0012	0307
T0006	0201	7400	0100	0221	4000	0001	7601	0012	0307
T0007	0201	7400	0200	0321	4000	0001	7601	0012	0307
T0008	0201	7400	0300	0421	4000	0001	7601	0012	0307
T0009	0201	7400	0400	0521	4000	0001	7601	0012	0307
T0010	0201	7400	0500	1021	4000	0001	7601	0012	0307
T0011	0201	7400	1000	1221	4000	0001	7601	0012	0307
T0012	0201	7400	1200	1321	4000	0001	7601	0012	0307
T0013	0201	7400	1300	1421	4000	0001	7601	0012	0307
T0014	0201	7400	1400	1521	4000	0001	7601	0012	0307
T0015	0201	7400	1500	1621	4000	0001	7601	0012	0307
T0016	0217	4146	7000	4202	1100	4303	2000	4402	1100	4602	1100	5122	2520	7400	0701	1702	0103	1503	1603	0060	4000	0002	4000	0102	4000	0103	7600	0024	0312
T0017	0205	4146	3400	7400	0701	1702	0160	4000	0100	4000	0101	7600	0024	0312
T0018	0201	7400	0100	1560	4000	0100	4000	0101	7600	0024	0312
T0019	0201	7400	1500	1660	4000	0100	4000	0101	7600	0024	0312
T0020	0205	4145	1020	4403	2000	4502	1100	7400	0701	1702	0103	1503	1605	0304	0404	0260	4000	0116	4000	0117	7600	0024	0312
;
T0021	0201	7400	0200	0300	0204	0360	4000	0116	4000	0117	7600	0024	0312
T0022	0201	7400	0300	0400	0304	0460	4000	0116	4000	0117	7600	0024	0312
T0023	0201	7400	0200	0300	0400	1304	1204	1460	4000	0116	4000	0117	7600	0024	0312
;
T0024	0201	7400	1400	1300	1404	1360	4000	0116	4000	0117	7600	0024	0312
T0025	0201	7400	1300	1200	1304	1260	4000	0116	4000	0117	7600	0024	0312
T0026	0217	4100	1440	4203	0000	4302	0160	4402	0160	4502	0160	4602	1000	4702	1100	5122	2120	7400	0701	0003	0104	1504	1604	1405	1305	1205	1702	2640	1060	4000	0004	4000	0104	4000	0106	4000	0116	4000	0117	7600	0003	0310
T0027	0201	7400	0100	1500	1200	0106	1506	1227	4000	0024	4000	0124	4000	0126	4000	0176	4000	0177	7600	0003	0310
T0028	0201	7400	1300	1200	1307	1225	4000	0024	4000	0124	4000	0126	4000	0176	4000	0177	7600	0003	0310
T0029	0201	7400	1400	1300	1407	1325	4000	0024	4000	0124	4000	0126	4000	0176	4000	0177	7600	0003	0310
T0030	0201	7400	1500	1400	1300	1200	1504	1405	1307	1227	4000	0024	4000	0124	4000	0126	4000	0176	4000	0177	7600	0003	0310
;
T0031	0201	7400	0100	1500	1400	1300	0104	1506	1407	1325	4000	0024	4000	0124	4000	0126	4000	0176	4000	0177	7600	0003	0310
;
T0032	0201	7400	1500	1600	1300	1200	1504	1606	1307	1225	4000	0024	4000	0124	4000	0126	4000	0176	4000	0177	7600	0003	0310
;
T0033	0201	7400	0100	0126	4000	0024	4000	0124	4000	0126	4000	0176	4000	0177	7600	0003	0310
T0034	0201	7400	1300	1200	1305	1227	4000	0024	4000	0124	4000	0126	4000	0176	4000	0177	7600	0003	0310
T0035	0201	7400	1400	1300	1405	1327	4000	0024	4000	0124	4000	0126	4000	0176	4000	0177	7600	0003	0310
T0036	0201	7400	1400	1427	4000	0024	4000	0124	4000	0126	4000	0176	4000	0177	7600	0003	0310
T0037	0201	7400	1000	0100	1600	1400	1300	1200	0104	1604	0205	0305	0405	0560	4000	0024	4000	0124	4000	0126	4000	0176	4000	0177	7600	0003	0310
T0038	0201	7400	0100	1500	0400	0106	1506	0427	4000	0024	4000	0124	4000	0126	4000	0176	4000	0177	7600	0003	0310
T0039	0201	7400	0300	0400	0307	0425	4000	0024	4000	0124	4000	0126	4000	0176	4000	0177	7600	0003	0310
T0040	0201	7400	0200	0300	0207	0325	4000	0024	4000	0124	4000	0126	4000	0176	4000	0177	7600	0003	0310
T0041	0201	7400	1500	0200	0300	0400	1504	0205	0307	0427	4000	0024	4000	0124	4000	0126	4000	0176	4000	0177	7600	0003	0310
;
T0042	0201	7400	0100	1500	0200	0300	0104	1506	0207	0325	4000	0024	4000	0124	4000	0126	4000	0176	4000	0177	7600	0003	0310
;
T0043	0201	7400	1500	1600	0300	0400	1504	1606	0307	0425	4000	0024	4000	0124	4000	0126	4000	0127	4000	0177	7600	0003	0310
;
T0044	0201	7400	0100	0126	4000	0024	4000	0124	4000	0126	4000	0176	4000	0177	7600	0003	0310
T0045	0201	7400	0300	0400	0305	0427	4000	0024	4000	0124	4000	0126	4000	0176	4000	0177	7600	0003	0310
T0046	0201	7400	0200	0300	0205	0327	4000	0024	4000	0124	4000	0126	4000	0176	4000	0177	7600	0003	0310
T0047	0201	7400	0200	0227	4000	0024	4000	0124	4000	0126	4000	0166	4000	0167	7600	0003	0310
T0048	0205	4100	1140	4202	0000	4503	2000	4702	1000	7400	0701	0003	0104	1504	1604	1407	1305	1205	1702	2140	1060	4000	0044	4000	0144	4000	0146	4000	0156	4000	0157	7601	0003	0311
T0049	0201	7400	1400	1300	1405	1327	4000	0044	4000	0144	4000	0146	4000	0156	4000	0157	7601	0003	0311
T0050	0201	7400	1300	1200	1305	1227	4000	0044	4000	0144	4000	0146	4000	0156	4000	0157	7601	0003	0311
T0051	0201	7400	0100	1500	1300	0106	1506	1327	4000	0064	4000	0164	4000	0166	4000	0176	4000	0177	7601	0003	0311
T0052	0201	7400	1400	1300	1407	1325	4000	0064	4000	0164	4000	0166	4000	0176	4000	0177	7601	0003	0311
T0053	0201	7400	1300	1200	1307	1225	4000	0064	4000	0164	4000	0166	4000	0176	4000	0177	7601	0003	0311
T0054	0201	7400	1500	1300	1504	1325	4000	0064	4000	0164	4000	0166	4000	0176	4000	0177	7601	0003	0311
T0055	0201	7400	0100	1500	1400	1300	0104	1506	1405	1327	4000	0064	4000	0164	4000	0166	4000	0176	4000	0177	7601	0003	0311
;
T0056	0201	7400	1500	1600	1300	1200	1504	1606	1305	1227	4000	0064	4000	0164	4000	0166	4000	0176	4000	0177	7601	0003	0311
;
T0057	0201	7400	1500	1200	1506	1225	4000	0064	4000	0164	4000	0166	4000	0176	4000	0177	7601	0003	0311
T0058	0205	7400	0701	0003	0104	1504	1604	0207	0305	0405	1702	2340	0560	4000	0044	4000	0144	4000	0146	4000	0156	4000	0157	7601	0003	0311
T0059	0201	7400	0200	0300	0205	0327	4000	0044	4000	0144	4000	0146	4000	0156	4000	0157	7601	0003	0311
T0060	0201	7400	0300	0400	0305	0427	4000	0044	4000	0144	4000	0146	4000	0156	4000	0157	7601	0003	0311
T0061	0201	7400	0100	1500	0300	0106	1506	0327	4000	0064	4000	0164	4000	0166	4000	0176	4000	0177	7601	0003	0311
T0062	0201	7400	0200	0300	0207	0325	4000	0064	4000	0164	4000	0166	4000	0176	4000	0177	7601	0003	0311
T0063	0201	7400	0300	0400	0307	0425	4000	0064	4000	0164	4000	0166	4000	0176	4000	0177	7601	0003	0311
T0064	0201	7400	1500	0300	1504	0325	4000	0064	4000	0164	4000	0166	4000	0176	4000	0177	7601	0003	0311
T0065	0201	7400	0100	1500	0200	0300	0104	1506	0205	0327	4000	0064	4000	0164	4000	0166	4000	0176	4000	0177	7601	0003	0311
;
T0066	0201	7400	1500	1600	0300	0400	1504	1606	0305	0427	4000	0064	4000	0164	4000	0166	4000	0176	4000	0177	7601	0003	0311
;
T0067	0201	7400	1500	0400	1506	0425	4000	0024	4000	0124	4000	0126	4000	0136	4000	0137	7601	0003	0311
T0068	0217	4162	1040	4233	0000	4302	0160	4402	0160	4502	1000	4602	1000	5132	2120	7400	0701	0003	1702	0104	1504	1604	1405	1305	1205	0206	0306	0406	0560	4000	0004	4000	0104	4000	0106	4000	0136	4000	0137	7600	0062	0315
T0069	0201	7400	0500	1060	4000	0004	4000	0104	4000	0106	4000	0136	4000	0137	7600	0062	0315
T0070	0217	4164	1420	4203	2000	4302	1100	4402	0160	4503	2000	4602	1000	4702	1000	5122	2520	7400	0701	0103	1503	1603	1702	0060	4000	0002	4000	0102	4000	0103	7601	0024	0313
T0071	0217	4164	0525	4203	2000	5132	2520	7400	0701	1702	0160	4000	0100	4000	0101	7601	0024	0313
T0072	0201	7400	0100	1560	4000	0100	4000	0101	7601	0024	0313
T0073	0201	7400	1500	1660	4000	0100	4000	0101	7601	0024	0313
T0074	0205	4164	2145	4203	2000	4303	2000	4402	1100	4602	1100	7400	0701	0104	1504	1603	0306	0406	1702	0260	4000	0006	4000	0106	4000	0126	4000	0127	7601	0024	0313
;
T0075	0201	7400	0200	0300	0206	0360	4000	0006	4000	0106	4000	0126	4000	0127	7601	0024	0313
T0076	0201	7400	0300	0400	0306	0460	4000	0006	4000	0106	4000	0126	4000	0127	7601	0024	0313
T0077	0201	7400	0200	0300	0400	1306	1206	1460	4000	0006	4000	0106	4000	0126	4000	0127	7601	0005	0313
T0078	0201	7400	1400	1300	1406	1360	4000	0006	4000	0106	4000	0126	4000	0127	7601	0024	0313
T0079	0201	7400	1300	1200	1306	1260	4000	0006	4000	0106	4000	0126	4000	0127	7601	0024	0313
T0080	0217	4146	2000	4202	1100	7400	0701	1701	0560	4000	0001	7600	0100	0313
T0081	0201	7400	0500	1060	4000	0001	7600	0100	0313
T0082	0217	4166	4000	4203	2000	4302	1000	4403	2000	4502	1100	4602	1100	5122	2520	7400	0701	0003	1702	0104	1504	1604	1405	1305	1205	0206	0306	0406	0560	4000	0004	4000	0104	4000	0106	4000	0136	4000	0137	7601	0024	0313
T0083	0201	7400	0500	1060	4000	0004	4000	0104	4000	0106	4000	0136	4000	0137	7601	0024	0313
T0084	0201	4303	2000	4402	1000	7400	1000	0560	4000	0002	4000	0102	4000	0106	4000	0136	4000	0137	7601	0024	0313
T0085	0201	7400	0500	1060	4000	0002	4000	0102	4000	0106	4000	0136	4000	0137	7601	0024	0313
T0086	0217	4143	6220	4222	2520	4303	2000	4403	2000	4503	2000	4602	1100	5122	2520	7400	0701	0003	0105	1505	1605	1404	1304	1204	0206	0306	0406	1760	4000	0010	4000	0012	4000	0036	4000	0037	7600	0003	0315
;
T0087	0201	4142	0543	4302	1100	4402	1100	7400	0100	1500	1600	0101	1501	1601	4000	0002	4000	0026	4000	0027	7600	0003	0315
;
T0088	0217	4123	6000	4217	6000	7400	0701	0060	4000	0001	7601	0003	0312
T0089	0201	7400	0000	0160	4000	0001	7601	0003	0312
T0090	0201	7400	0100	0260	4000	0001	7601	0003	0312
T0091	0201	7400	0200	0360	4000	0001	7601	0003	0312
T0092	0201	7400	0300	0460	4000	0001	7601	0003	0312
T0093	0201	7400	0400	0560	4000	0001	7601	0003	0312
T0094	0201	7400	0500	1060	4000	0001	7601	0003	0312
T0095	0201	7400	1000	1260	4000	0001	7601	0003	0312
T0096	0201	7400	1200	1360	4000	0001	7601	0003	0312
T0097	0201	7400	1300	1460	4000	0001	7601	0003	0312
T0098	0201	7400	1400	1560	4000	0001	7601	0003	0312
T0099	0201	7400	1500	1660	4000	0001	7601	0003	0312
T0100	0217	4145	7000	4202	1100	4303	2000	4402	1100	4602	1100	5122	2520	7400	0701	1702	0103	1503	1603	0060	4000	0002	4000	0102	4000	0103	7600	0024	0312
T0101	0205	4146	3400	7400	0701	1702	0160	4000	0100	4000	0101	7600	0024	0312
T0102	0201	7400	0100	1560	4000	0100	4000	0101	7600	0024	0312
T0103	0201	7400	1500	1660	4000	0100	4000	0101	7600	0024	0312
T0104	0205	4145	1020	4403	2000	4502	1100	7400	0701	1702	0103	1503	1605	0304	0404	0260	4000	0116	4000	0117	7600	0024	0312
;
T0105	0201	7400	0200	0300	0204	0360	4000	0116	4000	0117	7600	0024	0312
T0106	0201	7400	0300	0400	0304	0460	4000	0116	4000	0117	7600	0024	0312
T0107	0201	7400	0200	0300	0400	1304	1204	1460	4000	0116	4000	0117	7600	0024	0312
;
T0108	0201	7400	1400	1300	1404	1360	4000	0116	4000	0117	7600	0024	0312
T0109	0201	7400	1300	1200	1304	1260	4000	0116	4000	0117	7600	0024	0312
7700

