;מצֻ2ך-
T0001	0217	7400	0001	0101	0201	0301	0401	0501	0601	0701	1001	1101	1201	1301	1401	1501	1601	1721	4145	7777	7600	0005	0310
;
T0002	0217	4144	0005	4203	5000	7400	0701	1760	4000	0001	7601	0020	0307
T0003	0201	4144	3000	7400	0701	1760	4000	0001	7600	0020	0307
T0004	0217	4144	0005	4203	6000	7400	0001	2460	4000	0001	7601	0012	0307
T0005	0201	7400	0000	0121	4000	0001	7601	0012	0307
T0006	0201	7400	0100	0221	4000	0001	7601	0012	0307
T0007	0201	7400	0200	0321	4000	0001	7601	0012	0307
T0008	0201	7400	0300	0421	4000	0001	7601	0012	0307
T0009	0201	7400	0400	0521	4000	0001	7601	0012	0307
T0010	0201	7400	0500	0621	4000	0001	7601	0012	0307
T0011	0201	7400	0600	1021	4000	0001	7601	0012	0307
T0012	0201	7400	1000	1121	4000	0001	7601	0012	0307
T0013	0201	7400	1100	1221	4000	0001	7601	0012	0307
T0014	0201	7400	1200	1321	4000	0001	7601	0012	0307
T0015	0201	7400	1300	1421	4000	0001	7601	0012	0307
T0016	0201	7400	1400	1521	4000	0001	7601	0012	0307
T0017	0201	7400	1500	1621	4000	0001	7601	0012	0307
T0018	0217	4100	1620	4203	0000	4302	1000	4403	3400	4503	3400	4622	2120	7400	0701	0004	1605	0203	1706	0140	2560	4000	0014	4000	0016	4000	0036	4000	0037	7600	0003	0310
T0019	0201	7400	0200	0100	0403	0360	4000	0014	4000	0016	4000	0036	4000	0037	7600	0003	0310
T0020	0201	7400	0400	0300	0603	0560	4000	0014	4000	0016	4000	0036	4000	0037	7600	0003	0310
T0021	0201	7400	0600	0500	1003	1160	4000	0014	4000	0016	4000	0036	4000	0037	7600	0003	0310
T0022	0201	7400	1000	1100	1203	1360	4000	0014	4000	0016	4000	0036	4000	0037	7600	0003	0310
T0023	0201	7400	1200	1300	1403	1560	4000	0014	4000	0016	4000	0036	4000	0037	7600	0003	0310
T0024	0205	4100	1105	4202	0000	4303	3400	7400	0701	0004	1605	0203	1706	0140	2260	4000	0014	4000	0016	4000	0036	4000	0037	7601	0003	0311
T0025	0201	7400	0200	0100	0403	0360	4000	0014	4000	0016	4000	0036	4000	0037	7601	0003	0311
T0026	0201	7400	0400	0300	0603	0560	4000	0014	4000	0016	4000	0036	4000	0037	7601	0003	0311
T0027	0201	7400	0600	0500	1003	1160	4000	0014	4000	0016	4000	0036	4000	0037	7601	0003	0311
T0028	0201	7400	1000	1100	1203	1360	4000	0014	4000	0016	4000	0036	4000	0037	7601	0003	0311
T0029	0201	7400	1200	1300	1403	1560	4000	0014	4000	0016	4000	0036	4000	0037	7601	0003	0311
T0030	0217	4164	3200	4203	2000	4303	3400	4403	3400	4503	3400	4622	2520	7400	0701	0004	1605	1706	0260	4000	0014	4000	0034	4000	0035	7601	0005	0313
T0031	0201	7400	0200	0460	4000	0014	4000	0034	4000	0035	7601	0005	0313
T0032	0201	7400	0400	0660	4000	0014	4000	0034	4000	0035	7601	0005	0313
T0033	0201	7400	0600	1060	4000	0014	4000	0034	4000	0035	7601	0005	0313
T0034	0201	7400	1000	1260	4000	0014	4000	0034	4000	0035	7601	0005	0313
T0035	0201	7400	1200	1460	4000	0014	4000	0034	4000	0035	7601	0005	0313
T0036	0205	4164	3600	4203	2000	4303	2000	7400	0701	0003	1706	1660	4000	0002	4000	0022	4000	0023	7601	0005	0314
T0037	0201	7400	0000	1600	1603	0060	4000	0005	4000	0022	4000	0023	7601	0002	0314
;
T0038	0217	4143	7000	4232	2520	4303	2000	4403	2000	4503	2000	4602	1100	7400	0701	1604	0005	0203	0403	0603	1006	1206	1406	1760	4000	0014	4000	0036	4000	0037	7600	0003	0315
T0039	0217	4142	1062	4232	2520	4312	0000	4402	1100	4502	1100	7400	0701	0203	0403	0603	1003	1203	1403	0004	1605	1760	4000	0004	4000	0016	4000	0017	7600	0003	0316
;
T0040	0217	4123	7120	4217	6000	7400	0701	0060	4000	0001	7601	0003	0312
T0041	0201	7400	0000	0160	4000	0001	7601	0003	0312
T0042	0201	7400	0100	0260	4000	0001	7601	0003	0312
T0043	0201	7400	0200	0360	4000	0001	7601	0003	0312
T0044	0201	7400	0300	0460	4000	0001	7601	0003	0312
T0045	0201	7400	0400	0560	4000	0001	7601	0003	0312
T0046	0201	7400	0500	0660	4000	0001	7601	0003	0312
T0047	0201	7400	0600	1060	4000	0001	7601	0003	0312
T0048	0201	7400	1000	1160	4000	0001	7601	0003	0312
T0049	0201	7400	1100	1260	4000	0001	7601	0003	0312
T0050	0201	7400	1200	1360	4000	0001	7601	0003	0312
T0051	0201	7400	1300	1460	4000	0001	7601	0003	0312
T0052	0201	7400	1400	1560	4000	0001	7601	0003	0312
T0053	0201	7400	1500	1660	4000	0001	7601	0003	0312
7700

