;מצֻ1ך+
T0001	0217	7400	0001	0101	0201	0301	0401	0501	0601	0701	1001	1101	1201	1301	1401	1501	1601	1721	4145	7777	7600	0005	0310
;
T0002	0217	4144	0005	4203	5000	7400	0701	1760	4000	0001	7601	0020	0307
T0003	0201	4144	5000	7400	0701	1760	4000	0001	7600	0020	0307
T0004	0217	4144	0005	4203	6000	7400	0001	2460	4000	0001	7601	0012	0307
T0005	0201	7400	0000	0121	4000	0001	7601	0012	0307
T0006	0201	7400	0100	0221	4000	0001	7601	0012	0307
T0007	0201	7400	0200	0321	4000	0001	7601	0012	0307
T0008	0201	7400	0300	0421	4000	0001	7601	0012	0307
T0009	0201	7400	0400	0521	4000	0001	7601	0012	0307
T0010	0201	7400	0500	0621	4000	0001	7601	0012	0307
T0011	0201	7400	0600	1021	4000	0001	7601	0012	0307
T0012	0201	7400	1000	1121	4000	0001	7601	0012	0307
T0013	0201	7400	1100	1221	4000	0001	7601	0012	0307
T0014	0201	7400	1200	1321	4000	0001	7601	0012	0307
T0015	0201	7400	1300	1421	4000	0001	7601	0012	0307
T0016	0201	7400	1400	1521	4000	0001	7601	0012	0307
T0017	0201	7400	1500	1621	4000	0001	7601	0012	0307
T0018	0217	4145	2140	4202	1100	4303	3400	4403	3400	4502	1000	4622	2520	7400	0701	0004	1706	0360	4000	0004	4000	0024	4000	0025	7600	0005	0312
T0019	0201	7400	0300	0660	4000	0004	4000	0024	4000	0025	7600	0005	0312
T0020	0201	7400	0600	1060	4000	0004	4000	0024	4000	0025	7600	0005	0312
T0021	0201	7400	1000	1360	4000	0004	4000	0024	4000	0025	7600	0005	0312
T0022	0205	4145	2560	7400	0701	0005	1604	1706	0260	4000	0014	4000	0034	4000	0035	7600	0005	0313
T0023	0201	7400	0200	0560	4000	0014	4000	0034	4000	0035	7600	0005	0313
T0024	0201	7400	0500	1160	4000	0014	4000	0034	4000	0035	7600	0005	0313
T0025	0201	7400	1100	1460	4000	0014	4000	0034	4000	0035	7600	0005	0313
T0026	0201	4165	0620	7400	1400	0260	4000	0014	4000	0034	4000	0035	7601	0024	0313
;
T0027	0201	7400	0200	0560	4000	0014	4000	0034	4000	0035	7601	0024	0313
T0028	0201	7400	0500	1160	4000	0014	4000	0034	4000	0035	7601	0024	0313
T0029	0201	7400	1100	1460	4000	0014	4000	0034	4000	0035	7601	0024	0313
T0030	0201	4145	2140	4302	1100	7400	0000	1400	1600	1603	0060	4000	0012	4000	0022	4000	0023	7600	0005	0312
T0031	0201	7400	0000	1600	0003	1660	4000	0012	4000	0022	4000	0023	7600	0005	0312
;
T0032	0217	4100	1620	4203	0000	4302	1000	4403	3400	4502	1000	4622	2120	7400	0701	0004	1605	1706	0303	0240	2560	4000	0014	4000	0016	4000	0036	4000	0037	7600	0003	0310
T0033	0201	7400	0300	0200	0603	0560	4000	0014	4000	0016	4000	0036	4000	0037	7600	0003	0310
T0034	0201	7400	0600	0500	1003	1160	4000	0014	4000	0016	4000	0036	4000	0037	7600	0003	0310
T0035	0201	7400	1000	1100	1303	1460	4000	0014	4000	0016	4000	0036	4000	0037	7600	0003	0310
T0036	0201	7400	0000	1600	1300	1400	0005	1604	0203	0160	4000	0014	4000	0016	4000	0036	4000	0037	7600	0003	0310
T0037	0201	7400	0200	0100	0503	0460	4000	0014	4000	0016	4000	0036	4000	0037	7600	0003	0310
T0038	0201	7400	0500	0400	1103	1260	4000	0014	4000	0016	4000	0036	4000	0037	7600	0003	0310
T0039	0201	7400	1100	1200	1403	1560	4000	0014	4000	0016	4000	0036	4000	0037	7600	0003	0310
T0040	0205	4100	1105	4202	0000	4303	3400	7400	0701	0004	1605	1706	0303	2040	0260	4000	0014	4000	0016	4000	0036	4000	0037	7601	0003	0311
T0041	0201	7400	0300	0200	0603	0560	4000	0014	4000	0016	4000	0036	4000	0037	7601	0003	0311
T0042	0201	7400	0600	0500	1003	1160	4000	0014	4000	0016	4000	0036	4000	0037	7601	0003	0311
T0043	0201	7400	1000	1100	1303	1460	4000	0014	4000	0016	4000	0036	4000	0037	7601	0003	0311
T0044	0201	7400	1300	1400	0000	1600	0005	1604	0203	0160	4000	0014	4000	0016	4000	0036	4000	0037	7601	0003	0311
T0045	0201	7400	0200	0100	0503	0460	4000	0014	4000	0016	4000	0036	4000	0037	7601	0003	0311
T0046	0201	7400	0500	0400	1103	1260	4000	0014	4000	0016	4000	0036	4000	0037	7601	0003	0311
T0047	0201	7400	1100	1200	1403	1560	4000	0014	4000	0016	4000	0036	4000	0037	7601	0003	0311
T0048	0217	4162	0545	4233	0000	4303	3400	4403	3400	4502	1000	4632	2120	7400	0701	0004	1605	1706	0303	0260	4000	0014	4000	0016	4000	0036	4000	0037	7600	0062	0316
;
T0049	0201	7400	0300	0200	0603	0560	4000	0014	4000	0016	4000	0036	4000	0037	7600	0062	0316
T0050	0201	7400	0600	0500	1003	1160	4000	0014	4000	0016	4000	0036	4000	0037	7600	0062	0316
T0051	0201	7400	1000	1100	1303	1460	4000	0014	4000	0016	4000	0036	4000	0037	7600	0062	0316
T0052	0205	7400	0701	0005	1604	1706	0203	0160	4000	0014	4000	0016	4000	0036	4000	0037	7600	0062	0316
T0053	0201	7400	0200	0100	0503	0460	4000	0014	4000	0016	4000	0036	4000	0037	7600	0062	0316
T0054	0201	7400	0500	0400	1103	1260	4000	0014	4000	0016	4000	0036	4000	0037	7600	0062	0316
T0055	0201	7400	1100	1200	1403	1560	4000	0014	4000	0016	4000	0036	4000	0037	7600	0062	0316
T0056	0205	4146	3000	4202	1100	7400	0701	1701	0160	4000	0001	7600	0100	0315
T0057	0201	7400	0100	0460	4000	0001	7600	0100	0315
T0058	0201	7400	0400	1260	4000	0001	7600	0100	0315
T0059	0201	7400	1200	1560	4000	0001	7600	0100	0315
T0060	0205	4165	0620	4203	2000	4303	2000	7400	0701	0004	1605	1706	0203	0160	4000	0006	4000	0016	4000	0036	4000	0037	7601	0024	0315
T0061	0201	7400	0200	0100	0503	0460	4000	0006	4000	0016	4000	0036	4000	0037	7601	0024	0315
T0062	0201	7400	0500	0400	1103	1260	4000	0006	4000	0016	4000	0036	4000	0037	7601	0024	0315
T0063	0201	7400	1100	1200	1403	1560	4000	0006	4000	0016	4000	0036	4000	0037	7601	0024	0315
T0064	0217	4145	2140	4202	1100	4302	1100	4402	1000	4502	1000	4622	2520	7400	0701	0004	1706	0360	4000	0004	4000	0024	4000	0025	7600	0005	0314
T0065	0201	7400	0300	0660	4000	0004	4000	0024	4000	0025	7600	0005	0314
T0066	0201	7400	0600	1060	4000	0004	4000	0024	4000	0025	7600	0005	0314
T0067	0201	7400	1000	1360	4000	0004	4000	0024	4000	0025	7600	0005	0314
T0068	0205	7400	0701	0004	1605	1706	0260	4000	0004	4000	0014	4000	0034	4000	0035	7600	0005	0314
T0069	0201	7400	0200	0560	4000	0004	4000	0014	4000	0034	4000	0035	7600	0005	0314
;
T0070	0201	7400	0500	1160	4000	0004	4000	0014	4000	0034	4000	0035	7600	0005	0314
;
T0071	0201	7400	1100	1460	4000	0004	4000	0014	4000	0034	4000	0035	7600	0005	0314
;
T0072	0201	4165	0620	4203	2000	7400	1400	0260	4000	0004	4000	0014	4000	0034	4000	0035	7601	0024	0314
T0073	0201	7400	0200	0560	4000	0004	4000	0014	4000	0034	4000	0035	7601	0024	0314
;
T0074	0201	7400	0500	1160	4000	0004	4000	0014	4000	0034	4000	0035	7601	0024	0314
;
T0075	0201	7400	1100	1460	4000	0004	4000	0014	4000	0034	4000	0035	7601	0024	0314
;
T0076	0217	4145	2140	4202	1100	4303	3400	4403	3400	4502	1000	4622	2520	7400	0701	0004	1706	0360	4000	0004	4000	0024	4000	0025	7600	0005	0312
T0077	0201	7400	0300	0660	4000	0004	4000	0024	4000	0025	7600	0005	0312
T0078	0201	7400	0600	1060	4000	0004	4000	0024	4000	0025	7600	0005	0312
T0079	0201	7400	1000	1360	4000	0004	4000	0024	4000	0025	7600	0005	0312
T0080	0205	4145	2560	7400	0701	0005	1604	1706	0260	4000	0014	4000	0034	4000	0035	7600	0005	0313
T0081	0201	7400	0200	0560	4000	0014	4000	0034	4000	0035	7600	0005	0313
T0082	0201	7400	0500	1160	4000	0014	4000	0034	4000	0035	7600	0005	0313
T0083	0201	7400	1100	1460	4000	0014	4000	0034	4000	0035	7600	0005	0313
T0084	0201	4165	0620	7400	1400	0260	4000	0014	4000	0034	4000	0035	7601	0024	0313
;
T0085	0201	7400	0200	0560	4000	0014	4000	0034	4000	0035	7601	0024	0313
T0086	0201	7400	0500	1160	4000	0014	4000	0034	4000	0035	7601	0024	0313
T0087	0201	7400	1100	1460	4000	0014	4000	0034	4000	0035	7601	0024	0313
T0088	0201	4145	2140	4302	1100	7400	0000	1400	1600	1603	0060	4000	0012	4000	0022	4000	0023	7600	0005	0312
T0089	0201	7400	0000	1600	0003	1660	4000	0012	4000	0022	4000	0023	7600	0005	0312
7700

