;ук3ж 2
T0001	0217	7400	0001	0101	0201	0301	0401	0501	0601	0701	1001	1101	1201	1301	1401	1501	1601	1721	4145	7777	7600	0005	0310
;
T0002	0217	4144	0005	4203	5000	7400	0701	1760	4000	0001	7601	0020	0307
T0003	0201	4144	3000	7400	0701	1760	4000	0001	7600	0020	0307
T0004	0217	4144	0005	4203	6000	7400	0001	2460	4000	0001	7601	0005	0307
T0005	0201	7400	0000	0121	4000	0001	7601	0005	0307
T0006	0201	7400	0100	0221	4000	0001	7601	0005	0307
T0007	0201	7400	0200	0321	4000	0001	7601	0005	0307
T0008	0201	7400	0300	0421	4000	0001	7601	0005	0307
T0009	0201	7400	0400	0521	4000	0001	7601	0005	0307
T0010	0201	7400	0500	1021	4000	0001	7601	0005	0307
T0011	0201	7400	1000	1221	4000	0001	7601	0005	0307
T0012	0201	7400	1200	1321	4000	0001	7601	0005	0307
T0013	0201	7400	1300	1421	4000	0001	7601	0005	0307
T0014	0201	7400	1400	1521	4000	0001	7601	0005	0307
T0015	0201	7400	1500	1621	4000	0001	7601	0005	0307
T0016	0217	4100	1440	4223	0000	4322	0225	4422	0600	4622	1100	4732	2120	7400	0701	0003	0103	1203	1303	1403	1503	1603	1707	2740	1060	4000	0067	7600	0046	0310
T0017	0201	7400	0100	1200	1500	0104	1206	1524	4000	0067	7600	0046	0310
T0018	0201	7400	1200	1300	1203	1326	4000	0067	7600	0046	0310
T0019	0201	7400	1300	1400	1303	1426	4000	0067	7600	0046	0310
T0020	0201	7400	1200	1300	1400	1500	1206	1306	1403	1523	4000	0067	7600	0046	0310
;
T0021	0201	7400	0100	1300	1400	1500	0103	1303	1406	1524	4000	0067	7600	0046	0310
;
T0022	0201	7400	1200	1300	1500	1600	1203	1306	1503	1624	4000	0067	7600	0046	0310
;
T0023	0201	7400	0100	0124	4000	0067	7600	0046	0310
T0024	0201	7400	1200	1300	1206	1323	4000	0067	7600	0046	0310
T0025	0201	7400	1300	1400	1306	1423	4000	0067	7600	0046	0310
T0026	0201	7400	1400	1426	4000	0067	7600	0046	0310
T0027	0201	7400	0100	1000	1200	1300	1400	1600	0103	0203	0303	0403	1503	1603	0560	4000	0067	7600	0046	0310
T0028	0201	7400	0100	0400	1500	0104	0406	1524	4000	0067	7600	0046	0310
T0029	0201	7400	0300	0400	0306	0423	4000	0067	7600	0046	0310
T0030	0201	7400	0200	0300	0206	0323	4000	0067	7600	0046	0310
T0031	0201	7400	0200	0300	0400	1500	0203	0306	0406	1523	4000	0067	7600	0046	0310
;
T0032	0201	7400	0100	0200	0300	1500	0103	0206	0303	1524	4000	0067	7600	0046	0310
;
T0033	0201	7400	0300	0400	1500	1600	0206	0306	0403	1503	1624	4000	0067	7600	0046	0310
T0034	0201	7400	0100	0124	4000	0067	7600	0046	0310
T0035	0201	7400	0300	0400	0303	0426	4000	0067	7600	0046	0310
T0036	0201	7400	0200	0300	0203	0326	4000	0067	7600	0046	0310
T0037	0201	7400	0200	0226	4000	0067	7600	0046	0310
T0038	0217	4100	1160	4222	0000	4322	0225	4423	2000	4622	0600	4732	2120	7400	0701	0003	0103	1204	1304	1406	1503	1603	1707	2440	1060	4000	0067	7601	0062	0311
T0039	0201	7400	1300	1400	1306	1424	4000	0067	7601	0062	0311
T0040	0201	7400	1200	1300	1206	1324	4000	0067	7601	0062	0311
T0041	0201	7400	0100	1300	1500	0106	1306	1526	4000	0067	7601	0062	0311
T0042	0201	7400	1300	1400	1304	1426	4000	0067	7601	0062	0311
T0043	0201	7400	1200	1300	1204	1326	4000	0067	7601	0062	0311
T0044	0201	7400	1300	1500	1304	1523	4000	0067	7601	0062	0311
T0045	0201	7400	0100	1300	1400	1500	0103	1306	1404	1526	4000	0067	7601	0062	0311
;
T0046	0201	7400	1200	1300	1600	1206	1304	1503	1626	4000	0067	7601	0062	0311
T0047	0201	7400	1200	1500	1204	1526	4000	0067	7601	0062	0311
T0048	0201	7400	1000	1200	1300	1400	1500	1600	0206	0304	0404	1503	1603	0560	4000	0067	7601	0062	0311
T0049	0201	7400	0200	0300	0204	0326	4000	0067	7601	0062	0311
T0050	0201	7400	0300	0400	0304	0426	4000	0067	7601	0062	0311
T0051	0201	7400	0100	0300	1500	0106	0306	1526	4000	0067	7601	0062	0311
T0052	0201	7400	0200	0300	0206	0324	4000	0067	7601	0062	0311
T0053	0201	7400	0300	0400	0306	0424	4000	0067	7601	0062	0311
T0054	0201	7400	0300	1500	0304	1523	4000	0067	7601	0062	0311
T0055	0201	7400	0100	0200	0300	1500	0103	0204	0306	1526	4000	0067	7601	0062	0311
;
T0056	0201	7400	0300	0400	1500	1600	0304	0406	1503	1626	4000	0067	7601	0062	0311
;
T0057	0201	7400	0400	1500	0404	1526	4000	0067	7601	0062	0311
T0058	0217	4123	5400	4227	6000	7400	0701	0060	4000	0001	7601	0024	0312
T0059	0201	7400	0000	0160	4000	0001	7601	0024	0312
T0060	0201	7400	0100	0260	4000	0001	7601	0024	0312
T0061	0201	7400	0200	0360	4000	0001	7601	0024	0312
T0062	0201	7400	0300	0460	4000	0001	7601	0024	0312
T0063	0201	7400	0400	0560	4000	0001	7601	0024	0312
T0064	0201	7400	0500	1060	4000	0001	7601	0024	0312
T0065	0201	7400	1000	1260	4000	0001	7601	0024	0312
T0066	0201	7400	1200	1360	4000	0001	7601	0024	0312
T0067	0201	7400	1300	1460	4000	0001	7601	0024	0312
T0068	0201	7400	1400	1560	4000	0001	7601	0024	0312
T0069	0201	7400	1500	1660	4000	0001	7601	0024	0312
T0070	0217	4164	1400	4223	2000	4322	1100	4522	1100	4732	2520	7400	0701	0103	1503	1605	1707	0060	4000	0053	7601	0024	0313
;
T0071	0205	4164	0520	4223	2000	4732	2520	7400	0701	1707	0160	4000	0041	7601	0024	0313
T0072	0201	7400	0100	1560	4000	0041	7601	0024	0313
T0073	0201	7400	1500	1660	4000	0041	7601	0024	0313
T0074	0217	4164	2120	4223	2000	4322	1100	4523	2000	4732	2520	7400	0701	0103	0303	1707	0403	1503	1605	0260	4000	0053	7601	0024	0313
T0075	0201	7400	0200	0300	0203	0360	4000	0053	7601	0024	0313
T0076	0201	7400	0300	0400	0303	0460	4000	0053	7601	0024	0313
T0077	0201	7400	0200	0300	0400	0103	1203	1303	1503	1460	4000	0053	7601	0024	0313
;
T0078	0201	7400	1400	1403	1360	4000	0053	7601	0313	0201
T0079	7400	1300	1303	1260	4000	0053	7601	0024	0313
T0080	0217	4146	6000	4222	1100	4323	2000	4523	2000	4732	2520	7400	0701	0103	1503	1605	1707	0060	4000	0053	7600	0024	0314
;
T0081	0201	4166	3000	4222	1100	7400	0000	0100	1500	1600	0160	4000	0053	7601	0024	0314
T0082	0201	7400	0100	1560	4000	0053	7601	0024	0314
T0083	0201	7400	1500	1660	4000	0053	7601	0024	0314
T0084	0217	4145	0600	4222	1100	4323	2000	4522	1100	4732	2520	7400	0701	0103	0303	0403	1503	1605	1707	0260	4000	0053	7600	0024	0315
T0085	0201	7400	0200	0300	0203	0360	4000	0053	7600	0024	0315
T0086	0201	7400	0300	0400	0303	0460	4000	0053	7600	0024	0315
T0087	0201	7400	0200	0300	0400	1203	1303	1503	1460	4000	0053	7600	0024	0315
T0088	0201	7400	1300	1400	1403	1360	4000	0053	7600	0024	0315
T0089	0201	7400	1200	1300	1303	1260	4000	0053	7600	0024	0315
T0090	0217	4145	1100	4222	2520	4323	2000	4732	2520	7400	0701	0103	1503	1603	1707	0060	4000	0043	7600	0024	0316
T0091	0201	4146	6000	4222	2520	7400	0701	0000	0100	1500	1600	0160	4000	0043	7600	0024	0316
T0092	0201	7400	0100	1560	4000	0043	7600	0024	0316
T0093	0201	7400	1500	1660	4000	0043	7600	0024	0316
T0094	0217	4145	1540	4222	2520	4323	2000	4522	1100	4732	2520	7400	0701	0103	0303	0403	1503	1605	1707	0260	4000	0053	7600	0024	0316
T0095	0201	7400	0200	0203	0360	4000	0053	7600	0024	0316
T0096	0201	7400	0300	0303	0460	4000	0053	7600	0024	0316
T0097	0201	7400	0200	0300	0400	1203	1303	1460	4000	0053	7600	0024	0316
T0098	0201	7400	1300	1400	1403	1360	4000	0053	7600	0024	0316
T0099	0201	7400	1300	1200	1303	1260	4000	0053	7600	0024	0316
T0100	0217	4146	1400	4232	2400	7400	0701	1701	0560	4000	0001	7600	0024	0313
T0101	0201	7400	0500	1060	4000	0001	7600	0024	0313
T0102	0217	4166	3000	4223	2000	4322	0600	4423	2000	4522	1100	4732	2520	7400	0701	0003	0104	1504	1604	0205	0305	0405	1205	1305	1405	1707	0560	4000	0057	7601	0024	0315
T0103	0201	7400	0500	1060	4000	0057	7601	0024	0315
T0104	0021	7400	0000	0100	1500	1600	1000	0004	0103	1503	1603	0560	4000	0057	7601	0024	0315
T0105	0201	7400	0500	1060	4000	0057	7601	0024	0315
T0106	0217	4143	6120	4232	2520	4323	2000	4523	2000	4622	1100	7400	0701	0003	1603	0105	0206	0306	0406	1205	1305	1405	1505	1760	4000	0033	7600	0024	0316
T0107	0217	4143	7560	4232	2520	4322	1100	4732	2520	7400	0701	0101	0003	0203	0303	0403	1203	1303	1403	1501	1601	1760	4000	0043	7600	0024	0316
T0108	0217	4162	1060	4232	0000	4322	0225	4522	0600	4732	2120	7400	0701	0003	0103	0205	0305	0405	1205	1305	1405	1503	1603	1707	0560	4000	0053	7600	0024	0316
T0109	0201	7400	0500	1060	4000	0053	7600	0024	0316
T0110	0217	4146	1000	4222	2400	7400	0701	0001	0201	0401	1001	1201	1401	1601	1701	0140	0340	0540	1340	1560	4000	0001	7600	0024	0317
T0111	0205	7400	0101	0301	0501	0701	1301	1501	1701	0040	0240	0440	1040	1240	1440	1660	4000	0001	7600	0024	0317
T0112	0217	4146	1400	4232	2400	4732	2520	7400	0701	1707	0560	4000	0041	7600	0062	0313
T0113	0201	7400	0500	1060	4000	0041	7600	0062	0313
T0114	0201	7400	1000	1700	1701	0560	4000	0041	7600	0062	0313
T0115	0201	7400	0500	1060	4000	0041	7600	0062	0313
7700

