;571ук5
 Р0001  0217  4112  2000  4231  2400  7400  1740
  0721  4000  0001  7601  0062  0316
 Р0002  0210  4231  2400  7400  0001  0101  0201
  0301  0401  0501  0601  0701  1001  1101  1201
  1301  1401  1501  1621  4000  0001  7601  0062
  0316
 Р0003  0217  4102  2400  4222  1000  7400  0040
  0140  0240  0340  0440  0540  0640  1040  1140
  1240  1340  1440  1540  1640  1701  0721  4000
  0001  7601  0062  0316
 Р0004  0217  4122  6120  4227  0600  7400  0701
  0060  4000  0001  7601  0024  0310
 Р0005  0201  7400  0000  0160  4000  0001  7601
  0024  0310
 Р0006  0201  7400  0100  0260  4000  0001  7601
  0024  0310
 Р0007  0201  7400  0200  0360  4000  0001  7601
  0024  0310
 Р0008  0201  7400  0300  0460  4000  0001  7601
  0024  0310
 Р0009  0201  7400  0400  0560  4000  0001  7601
  0024  0310
 Р0010  0201  7400  0500  0660  4000  0001  7601
  0024  0310
 Р0011  0201  7400  0600  1060  4000  0001  7601
  0024  0310
 Р0012  0201  7400  1000  1160  4000  0001  7601
  0024  0310
 Р0013  0201  7400  1100  1260  4000  0001  7601
  0024  0310
 Р0014  0201  7400  1200  1360  4000  0001  7601
  0024  0310
 Р0015  0201  7400  1300  1460  4000  0001  7601
  0024  0310
 Р0016  0201  7400  1400  1560  4000  0001  7601
  0024  0310
 Р0017  0201  7400  1500  1660  4000  0001  7601
  0024  0310
 Р0018  0217  4100  0230  4243  0000  4322  0200
  4422  0200  4522  1100  4622  1100  4742  3120
  7400  0701  0103  0004  1605  1707  0306  0506
  1106  1306  1506  0260  4000  0076  7505  4000
  0077  7601  0005  0311
 Р0019  0201  7400  0200  0100  0300  0106  0303
  0460  4000  0076  7505  4000  0077  7601  0005
  0311
 Р0020  0201  7400  0400  0300  0500  0306  0503
  0660  4000  0076  7505  4000  0077  7601  0005
  0311
 Р0021  0201  7400  0600  0500  1100  0506  1103
  1060  4000  0076  7505  4000  0077  7601  0005
  0311
 Р0022  0201  7400  1000  1100  1300  0000  1600
  0005  1604  1106  1303  1260  4000  0076  7505
  4000  0077  7601  0005  0311
 Р0023  0201  7400  1200  1300  1500  1306  1503
  1460  4000  0076  7505  4000  0077  7601  0005
  0311
 Р0024  0201  4100  1400  4322  0000  4422  0000
  4742  2120  7400  1400  0100  1500  0000  1600
  0004  1605  1506  2640  0103  0260  4000  0076
  7505  4000  0077  7510  4322  0040  4322  0100
  4322  0140  4322  0200  4322  0225  4422  0040
  4422  0100  4422  0140  4422  0200  4422  0225
  7600  0005  0312
 Р0025  0201  4100  1420  4322  0000  4422  0000
  7400  0200  0100  0300  0106  0303  0460  4000
  0076  7505  4000  0077  7510  4322  0040  4322
  0100  4322  0140  4322  0200  4322  0225  4422
  0040  4422  0100  4422  0140  4422  0200  4422
  0225  7600  0005  0312
 Р0026  0201  4322  0000  4422  0000  7400  0400
  0300  0500  0306  0503  0660  4000  0076  7505
  4000  0077  7510  4322  0040  4322  0100  4322
  0140  4322  0200  4322  0225  4422  0040  4422
  0100  4422  0140  4422  0200  4422  0225  7600
  0005  0312
 Р0027  0201  4322  0000  4422  0000  7400  0600
  0500  1100  0506  1103  1060  4000  0076  7505
  4000  0077  7510  4322  0040  4322  0100  4322
  0140  4322  0200  4322  0225  4422  0040  4422
  0100  4422  0140  4422  0200  4422  0225  7600
  0005  0312
 Р0028  0201  4322  0000  4422  0000  7400  1000
  1100  1300  0000  1600  0005  1604  1106  1303
  1260  4000  0076  7505  4000  0077  7510  4322
  0040  4322  0100  4322  0140  4322  0200  4322
  0225  4422  0040  4422  0100  4422  0140  4422
  0200  4422  0225  7600  0005  0312
 Р0029  0201  4322  0000  4422  0000  7400  1200
  1300  1500  1306  1503  1460  4000  0076  7505
  4000  0077  7510  4322  0040  4322  0100  4322
  0140  4322  0200  4322  0225  4422  0040  4422
  0100  4422  0140  4422  0200  4422  0225  7600
  0005  0312
 Р0030  0201  4100  2005  4322  0000  4422  0000
  7400  1400  2600  1500  0100  0000  1600  0004
  1605  1506  0103  2740  0260  4000  0076  7505
  4000  0077  7510  4322  0040  4322  0100  4322
  0140  4322  0200  4322  0225  4422  0040  4422
  0100  4422  0140  4422  0200  4422  0225  7600
  0005  0312
 Р0031  0201  4100  2140  4322  0000  4422  0000
  7400  0200  0100  0300  0106  0303  0460  4000
  0076  7505  4000  0077  7510  4322  0040  4322
  0100  4322  0140  4322  0200  4322  0225  4422
  0040  4422  0100  4422  0140  4422  0200  4422
  0225  7600  0005  0312
 Р0032  0201  4322  0000  4422  0000  7400  0400
  0300  0500  0306  0503  0660  4000  0076  7505
  4000  0077  7510  4322  0040  4322  0100  4322
  0140  4322  0200  4322  0225  4422  0040  4422
  0100  4422  0140  4422  0200  4422  0225  7600
  0005  0312
 Р0033  0201  4322  0000  4422  0000  7400  0600
  0500  1100  0506  1103  1060  4000  0076  7505
  4000  0077  7510  4322  0040  4322  0100  4322
  0140  4322  0200  4322  0225  4422  0040  4422
  0100  4422  0140  4422  0200  4422  0225  7600
  0005  0312
 Р0034  0201  4322  0000  4422  0000  7400  1000
  1100  1300  0000  1600  0005  1604  1106  1303
  1260  4000  0076  7505  4000  0077  7510  4322
  0040  4322  0100  4322  0140  4322  0200  4322
  0225  4422  0040  4422  0100  4422  0140  4422
  0200  4422  0225  7600  0005  0312
 Р0035  0201  4322  0000  4422  0000  7400  1200
  1300  1500  1306  1503  1460  4000  0076  7505
  4000  0077  7510  4322  0040  4322  0100  4322
  0140  4322  0200  4322  0225  4422  0040  4422
  0100  4422  0140  4422  0200  4422  0225  7600
  0005  0312
 Р0036  0217  4102  4000  4233  2500  4322  0000
  4422  0000  4522  1100  4622  1100  4742  2000
  7400  0701  0103  0004  1605  1707  0306  0506
  1106  1306  1506  0260  4000  0076  7505  4000
  0077  7510  4322  0040  4322  0100  4322  0140
  4322  0200  4422  0040  4422  0100  4422  0140
  4422  0200  7600  0005  0312
 Р0037  0201  4322  0000  4422  0000  7400  0100
  0200  0300  0106  0303  0460  4000  0076  7505
  4000  0077  7510  4322  0040  4322  0100  4322
  0140  4322  0200  4422  0040  4422  0100  4422
  0140  4422  0200  7600  0005  0312
 Р0038  0201  4322  0000  4422  0000  7400  0300
  0400  0500  0306  0503  0660  4000  0076  7505
  4000  0077  7510  4322  0040  4322  0100  4322
  0140  4322  0200  4422  0040  4422  0100  4422
  0140  4422  0200  7600  0005  0312
 Р0039  0201  4322  0000  4422  0000  7400  0500
  0600  1100  0506  1103  1060  4000  0076  7505
  4000  0077  7510  4322  0040  4322  0100  4322
  0140  4322  0200  4422  0040  4422  0100  4422
  0140  4422  0200  7600  0005  0312
 Р0040  0201  4322  0000  4422  0000  7400  1000
  1100  1300  0000  1600  0005  1604  1106  1303
  1260  4000  0076  7505  4000  0077  7510  4322
  0040  4322  0100  4322  0140  4322  0200  4422
  0040  4422  0100  4422  0140  4422  0200  7600
  0005  0312
 Р0041  0201  4322  0000  4422  0000  7400  1200
  1300  1500  1306  1503  1460  4000  0076  7505
  4000  0077  7510  4322  0040  4322  0100  4322
  0140  4322  0200  4422  0040  4422  0100  4422
  0140  4422  0200  7600  0005  0312
 Р0042  0217  4100  1205  4242  0000  4322  2400
  4422  0000  4522  1100  4623  2000  4732  2120
  7400  0701  0103  0306  0506  1106  1306  1506
  0004  1605  1707  2140  0260  4000  0076  7505
  4000  0077  7510  4322  1400  4322  1100  4322
  1000  4322  0600  4422  0040  4422  0100  4422
  0140  4422  0200  4422  0225  7601  0005  0313
 
 Р0043  0201  4322  2400  4422  0000  7400  0200
  0100  0300  0106  0303  0460  4000  0076  7505
  4000  0077  7510  4322  1400  4322  1100  4322
  1000  4322  0600  4422  0040  4422  0100  4422
  0140  4422  0200  4422  0225  7601  0005  0313
 
 Р0044  0201  4322  2400  4422  0000  7400  0400
  0300  0500  0306  0503  0660  4000  0076  7505
  4000  0077  7510  4322  1400  4322  1100  4322
  1000  4322  0600  4422  0040  4422  0100  4422
  0140  4422  0200  4422  0225  7601  0005  0313
 
 Р0045  0201  4322  2400  4422  0000  7400  0600
  0500  1100  0506  1103  1060  4000  0076  7505
  4000  0077  7510  4322  1400  4322  1100  4322
  1000  4322  0600  4422  0040  4422  0100  4422
  0140  4422  0200  4422  0225  7601  0005  0313
 
 Р0046  0201  4322  2400  4422  0000  7400  1000
  1100  1300  0000  1600  0005  1604  1106  1303
  1260  4000  0076  7505  4000  0077  7510  4322
  1400  4322  1100  4322  1000  4322  0600  4422
  0040  4422  0100  4422  0140  4422  0200  4422
  0225  7601  0005  0313
 Р0047  0201  4322  2400  4422  0000  7400  1200
  1300  1500  1306  1503  1460  4000  0076  7505
  4000  0077  7510  4322  1400  4322  1100  4322
  1000  4322  0600  4422  0040  4422  0100  4422
  0140  4422  0200  4422  0225  7601  0005  0313
 
 Р0048  0217  4164  1220  4223  2000  4322  1100
  4423  2000  4732  2520  7400  0701  0004  1604
  1707  0303  0503  1103  1303  1503  0160  4000
  0047  7601  0024  0314
 Р0049  0201  7400  0300  0100  0103  0360  4000
  0047  7601  0024  0314
 Р0050  0201  7400  0300  0500  0303  0560  4000
  0047  7601  0024  0314
 Р0051  0201  7400  0500  1100  0503  1160  4000
  0047  7601  0024  0314
 Р0052  0201  7400  1100  1300  1103  1360  4000
  0047  7601  0024  0314
 Р0053  0201  7400  1500  1300  1303  1560  4000
  0047  7601  0024  0314
 Р0054  0217  4164  1220  4223  2000  4322  1100
  4732  2520  7400  0701  1707  0103  0303  0503
  1103  1203  1503  1603  0060  4000  0043  7601
  0024  0314
 Р0055  0201  7400  0000  1600  0003  1660  4000
  0043  7601  0024  0314
 Р0056  0217  4146  1000  4222  1160  4323  2000
  4423  2000  4732  2520  7400  0701  0004  0303
  0503  1103  1303  1503  1604  1707  0160  4000
  0047  7600  0024  0314
 Р0057  0201  7400  0100  0300  0103  0360  4000
  0047  7600  0024  0314
 Р0058  0201  7400  0300  0500  0303  0560  4000
  0047  7600  0024  0314
 Р0059  0201  7400  0500  1100  0503  1160  4000
  0047  7600  0024  0314
 Р0060  0201  7400  1100  1300  1103  1360  4000
  0047  7600  0024  0314
 Р0061  0201  7400  1300  1500  1303  1560  4000
  0047  7600  0024  0314
 Р0062  0201  4146  2400  4222  3000  7400  1500
  0100  1503  0160  4000  0047  7600  0024  0314
 
 Р0063  0201  7400  0100  0300  0103  0360  4000
  0047  7600  0024  0314
 Р0064  0201  7400  0300  0500  0303  0560  4000
  0047  7600  0024  0314
 Р0065  0201  7400  0500  1100  0503  1160  4000
  0047  7600  0024  0314
 Р0066  0201  7400  1100  1300  1103  1360  4000
  0047  7600  0024  0314
 Р0067  0201  7400  1300  1500  1303  1560  4000
  0047  7600  0024  0314
 Р0068  0217  4146  1000  4222  1160  4323  2000
  4423  2000  4732  2520  7400  0701  0103  0303
  0503  1103  1303  1503  1604  1707  0060  4000
  0047  7600  0024  0314
 Р0069  0201  7400  0000  1600  0004  1660  4000
  0047  7600  0024  0314
 Р0070  0201  4146  2400  4222  3000  7400  1600
  0000  1604  0060  4000  0047  7600  0024  0314
 
 Р0071  0201  7400  0000  1600  0004  1660  4000
  0047  7600  0024  0314
 Р0072  0217  4166  1000  4223  2000  4322  1100
  4422  2400  4732  2520  7400  0701  0004  1604
  1707  0303  0503  1103  1303  1503  0160  4000
  0046  7505  4000  0047  7510  4422  1400  4422
  1100  4422  1000  4422  0600  7601  0024  0315
 
 Р0073  0201  4422  2400  7400  0100  0300  0103
  0360  4000  0046  7505  4000  0047  7510  4422
  1400  4422  1100  4422  1000  4422  0600  7601
  0024  0315
 Р0074  0201  4422  2400  7400  0300  0500  0303
  0560  4000  0046  7505  4000  0047  7510  4422
  1400  4422  1100  4422  1000  4422  0600  7601
  0024  0315
 Р0075  0201  4422  2400  7400  0500  1100  0503
  1160  4000  0046  7505  4000  0047  7510  4422
  1400  4422  1100  4422  1000  4422  0600  7601
  0024  0315
 Р0076  0201  4422  2400  7400  1100  1300  1103
  1360  4000  0046  7505  4000  0047  7510  4422
  1400  4422  1100  4422  1000  4422  0600  7601
  0024  0315
 Р0077  0201  4422  2400  7400  1300  1500  1303
  1560  4000  0046  7505  4000  0047  7510  4422
  1400  4422  1100  4422  1000  4422  0600  7601
  0024  0315
 Р0078  0201  4146  1000  4222  1160  4323  2000
  4422  0600  4732  2520  7400  1500  0100  1503
  0160  4000  0047  7600  0024  0315
 Р0079  0201  7400  0100  0300  0103  0360  4000
  0047  7600  0024  0315
 Р0080  0201  7400  0300  0500  0303  0560  4000
  0047  7600  0024  0315
 Р0081  0201  7400  0500  1100  0503  1160  4000
  0047  7600  0024  0315
 Р0082  0201  7400  1100  1300  1103  1360  4000
  0047  7600  0024  0315
 Р0083  0201  7400  1300  1500  1303  1560  4000
  0047  7600  0024  0315
 Р0084  0217  4146  1000  4222  1160  4323  2000
  7400  0001  0701  1601  1701  0303  0503  1103
  1303  1503  0160  4000  0003  7600  0024  0315
 
 Р0085  0201  7400  0100  0300  0103  0360  4000
  0003  7600  0024  0315
 Р0086  0201  7400  0300  0500  0303  0560  4000
  0003  7600  0024  0315
 Р0087  0201  7400  0500  1100  0503  1160  4000
  0003  7600  0024  0315
 Р0088  0201  7400  1100  1300  1103  1360  4000
  0003  7600  0024  0315
 Р0089  0201  7400  1300  1500  1303  1560  4000
  0003  7600  0024  0315
 Р0090  0217  4166  1000  4223  2000  4322  2400
  4422  2400  4732  2120  7400  0701  0103  0303
  0503  1103  1303  1503  0004  1604  1707  0260
  4000  0046  7505  4000  0047  7510  4322  1400
  4322  1100  4322  1000  4322  0600  4422  1400
  4422  1100  4422  1000  4422  0600  7601  0024
  0315
 Р0091  0201  4322  2400  4422  2400  7400  0200
  0460  4000  0046  7505  4000  0047  7510  4322
  1400  4322  1100  4322  1000  4322  0600  4422
  1400  4422  1100  4422  1000  4422  0600  7601
  0024  0315
 Р0092  0201  4322  2400  4422  2400  7400  0400
  0660  4000  0046  7505  4000  0047  7510  4322
  1400  4322  1100  4322  1000  4322  0600  4422
  1400  4422  1100  4422  1000  4422  0600  7601
  0024  0315
 Р0093  0201  4322  2400  4422  2400  7400  0600
  1060  4000  0046  7505  4000  0047  7510  4322
  1400  4322  1100  4322  1000  4322  0600  4422
  1400  4422  1100  4422  1000  4422  0600  7601
  0024  0315
 Р0094  0201  4322  2400  4422  2400  7400  1000
  1260  4000  0046  7505  4000  0047  7510  4322
  1400  4322  1100  4322  1000  4322  0600  4422
  1400  4422  1100  4422  1000  4422  0600  7601
  0024  0315
 Р0095  0201  4322  2400  4422  2400  7400  1200
  1460  4000  0046  7505  4000  0047  7510  4322
  1400  4322  1100  4322  1000  4322  0600  4422
  1400  4422  1100  4422  1000  4422  0600  7601
  0024  0315
 Р0096  0217  4146  1000  4222  2520  4322  0000
  4422  2400  4732  2120  7400  0701  0004  1604
  1707  0103  0303  0503  1103  1303  1503  0260
  4000  0046  7505  4000  0047  7510  4422  1400
  4422  1100  4422  1000  4422  0600  7600  0024
  0315
 Р0097  0201  4422  2400  7400  0200  0460  4000
  0046  7505  4000  0047  7510  4422  1400  4422
  1100  4422  1000  4422  0600  7600  0024  0315
 
 Р0098  0201  4422  2400  7400  0400  0660  4000
  0046  7505  4000  0047  7510  4422  1400  4422
  1100  4422  1000  4422  0600  7600  0024  0315
 
 Р0099  0201  4422  2400  7400  0600  1060  4000
  0046  7505  4000  0047  7510  4422  1400  4422
  1100  4422  1000  4422  0600  7600  0024  0315
 
 Р0100  0201  4422  2400  7400  1000  1260  4000
  0046  7505  4000  0047  7510  4422  1400  4422
  1100  4422  1000  4422  0600  7600  0024  0315
 
 Р0101  0201  4422  2400  7400  1200  1460  4000
  0046  7505  4000  0047  7510  4422  1400  4422
  1100  4422  1000  4422  0600  7600  0024  0315
 
 Р0102  0217  4146  1000  4222  2520  4322  0000
  4422  0000  4722  0000  7400  0004  0103  0303
  0503  0701  1103  1303  1503  1604  1707  0260
  4000  0046  7505  4000  0047  7600  0024  0315
 
 Р0103  0201  7400  0200  0460  4000  0046  7505
  4000  0047  7600  0024  0315
 Р0104  0201  7400  0400  0660  4000  0046  7505
  4000  0047  7600  0024  0315
 Р0105  0201  7400  0600  1060  4000  0046  7505
  4000  0047  7600  0024  0315
 Р0106  0201  7400  1000  1260  4000  0046  7505
  4000  0047  7600  0024  0315
 Р0107  0201  7400  1200  1460  4000  0046  7505
  4000  0047  7600  0024  0315
 Р0108  0217  4161  0630  4243  0000  4322  1100
  4423  2000  4742  2520  7400  0701  0103  0303
  0503  1103  1303  1503  0004  1604  1707  0260
  4000  0046  7524  4000  0047  7601  0024  0316
 
 Р0109  0201  7400  0200  0460  4000  0046  7524
  4000  0047  7601  0024  0316
 Р0110  0201  7400  0400  0660  4000  0046  7524
  4000  0047  7601  0024  0316
 Р0111  0201  7400  0600  1060  4000  0046  7524
  4000  0047  7601  0024  0316
 Р0112  0201  7400  1000  1260  4000  0046  7524
  4000  0047  7601  0024  0316
 Р0113  0201  7400  1200  1460  4000  0046  7524
  4000  0047  7601  0024  0316
 Р0114  0201  4162  3400  4322  1100  7400  1400
  0260  4000  0046  7524  4000  0047  7600  0024
  0316
 Р0115  0201  7400  0200  0460  4000  0046  7524
  4000  0047  7600  0024  0316
 Р0116  0201  7400  0400  0660  4000  0046  7524
  4000  0047  7600  0024  0316
 Р0117  0201  7400  0600  1060  4000  0046  7524
  4000  0047  7600  0024  0316
 Р0118  0201  7400  1000  1260  4000  0046  7524
  4000  0047  7600  0024  0316
 Р0119  0201  7400  1200  1460  4000  0046  7524
  4000  0047  7600  0024  0316
 Р0120  0217  4142  0622  4232  2520  4332  2120
  7400  0701  0101  0301  0501  1101  1301  1501
  0003  1603  1760  4000  0003  7600  0036  0317
 
 Р0121  0217  4146  0400  4202  5000  4705  7400
  7400  2007  0040  0140  0240  0340  0440  0540
  0640  0740  1040  1140  1240  1340  1440  1540
  1640  1760  4000  0041  7600  0062  0317  7700
