;571ук1о
 Р0001  0217  4112  2000  4231  2400  7400  1740
  0721  4000  0001  7601  0062  0316
 Р0002  0210  4231  2400  7400  0001  0101  0301
  0501  0701  1101  1301  1501  1621  4000  0001
  7601  0062  0316
 Р0003  0204  7400  1740  0001  1601  0401  0601
  0701  1001  1201  1401  0221  4000  0001  7601
  0062  0316
 Р0004  0217  4102  2400  4222  1000  7400  0040
  0140  0240  0340  0440  0540  0640  1040  1140
  1240  1340  1440  1540  1640  1701  0721  4000
  0001  7601  0062  0316
 Р0005  0217  4100  0026  4223  0000  4302  0600
  4403  4520  4502  0600  4622  1520  7400  0701
  0004  1605  1706  0303  0260  4000  0014  4000
  0016  4000  0036  4000  0037  7601  0003  0310
 
 Р0006  0201  7400  0300  0200  0603  0560  4000
  0014  4000  0016  4000  0036  4000  0037  7601
  0003  0310
 Р0007  0201  7400  0600  0500  1003  1160  4000
  0014  4000  0016  4000  0036  4000  0037  7601
  0003  0310
 Р0008  0201  7400  1000  1100  1303  1460  4000
  0014  4000  0016  4000  0036  4000  0037  7601
  0003  0310
 Р0009  0217  4100  1400  4223  0000  4302  0600
  4403  4520  4502  0600  4622  2120  7400  0701
  0004  1605  1706  0303  0240  2760  4000  0014
  4000  0016  4000  0036  4000  0037  7600  0003
  0310
 Р0010  0201  7400  0300  0200  0603  0560  4000
  0014  4000  0016  4000  0036  4000  0037  7600
  0003  0310
 Р0011  0201  7400  0600  0500  1003  1160  4000
  0014  4000  0016  4000  0036  4000  0037  7600
  0003  0310
 Р0012  0201  7400  1000  1100  1303  1460  4000
  0014  4000  0016  4000  0036  4000  0037  7600
  0003  0310
 Р0013  0201  7400  0000  1600  1300  1400  0005
  1604  0203  0160  4000  0014  4000  0016  4000
  0036  4000  0037  7600  0003  0310
 Р0014  0201  7400  0200  0100  0503  0460  4000
  0014  4000  0016  4000  0036  4000  0037  7600
  0003  0310
 Р0015  0201  7400  0500  0400  1103  1260  4000
  0014  4000  0016  4000  0036  4000  0037  7600
  0003  0310
 Р0016  0201  7400  1100  1200  1403  1560  4000
  0014  4000  0016  4000  0036  4000  0037  7600
  0003  0310
 Р0017  0205  4100  1205  4222  0000  4303  4520
  7400  0701  0004  1605  1706  0303  2440  0260
  4000  0014  4000  0016  4000  0036  4000  0037
  7601  0003  0311
 Р0018  0201  7400  0300  0200  0603  0560  4000
  0014  4000  0016  4000  0036  4000  0037  7601
  0003  0311
 Р0019  0201  7400  0600  0500  1003  1160  4000
  0014  4000  0016  4000  0036  4000  0037  7601
  0003  0311
 Р0020  0201  7400  1000  1100  1303  1460  4000
  0014  4000  0016  4000  0036  4000  0037  7601
  0003  0311
 Р0021  0201  7400  1300  1400  0000  1600  0005
  1604  0203  0160  4000  0014  4000  0016  4000
  0036  4000  0037  7601  0003  0311
 Р0022  0201  7400  0200  0100  0503  0460  4000
  0014  4000  0016  4000  0036  4000  0037  7601
  0003  0311
 Р0023  0201  7400  0500  0400  1103  1260  4000
  0014  4000  0016  4000  0036  4000  0037  7601
  0003  0311
 Р0024  0201  7400  1100  1200  1403  1560  4000
  0014  4000  0016  4000  0036  4000  0037  7601
  0003  0311
 Р0025  0205  4123  5000  4227  6400  7400  0701
  0060  4000  0001  7601  0003  0311
 Р0026  0201  7400  0000  0160  4000  0001  7601
  0003  0311
 Р0027  0201  7400  0100  0260  4000  0001  7601
  0003  0311
 Р0028  0201  7400  0200  0360  4000  0001  7601
  0003  0311
 Р0029  0201  7400  0300  0460  4000  0001  7601
  0003  0311
 Р0030  0201  7400  0400  0560  4000  0001  7601
  0003  0311
 Р0031  0201  7400  0500  0660  4000  0001  7601
  0003  0311
 Р0032  0201  7400  0600  1060  4000  0001  7601
  0003  0311
 Р0033  0201  7400  1000  1160  4000  0001  7601
  0003  0311
 Р0034  0201  7400  1100  1260  4000  0001  7601
  0003  0311
 Р0035  0201  7400  1200  1360  4000  0001  7601
  0003  0311
 Р0036  0201  7400  1300  1460  4000  0001  7601
  0003  0311
 Р0037  0201  7400  1400  1560  4000  0001  7601
  0003  0311
 Р0038  0201  7400  1500  1660  4000  0001  7601
  0003  0311
 Р0039  0205  4164  2440  4203  2000  4403  1520
  4622  2520  7400  0701  0004  1706  0360  4000
  0004  4000  0024  4000  0025  7601  0005  0312
 
 Р0040  0201  7400  0300  0660  4000  0004  4000
  0024  4000  0025  7601  0005  0312
 Р0041  0201  7400  0600  1060  4000  0004  4000
  0024  4000  0025  7601  0005  0312
 Р0042  0201  7400  1000  1360  4000  0004  4000
  0024  4000  0025  7601  0005  0312
 Р0043  0201  7400  0000  1300  0005  1604  0260
  4000  0014  4000  0034  4000  0035  7601  0005
  0312
 Р0044  0201  7400  0200  0560  4000  0014  4000
  0034  4000  0035  7601  0005  0312
 Р0045  0201  7400  0500  1160  4000  0014  4000
  0034  4000  0035  7601  0005  0312
 Р0046  0201  7400  1100  1460  4000  0014  4000
  0034  4000  0035  7601  0005  0312
 Р0047  0205  4164  3040  4203  1520  4303  1520
  7400  0701  1706  1603  0060  4000  0002  4000
  0022  4000  0023  7601  0005  0312
 Р0048  0201  7400  0000  1600  0003  1660  4000
  0002  4000  0022  4000  0023  7601  0005  0312
 
 Р0049  0205  4146  7400  4202  1100  4403  5000
  4622  2520  7400  0701  0004  1706  0360  4000
  0004  4000  0024  4000  0025  7600  0005  0312
 
 Р0050  0201  7400  0300  0660  4000  0004  4000
  0024  4000  0025  7600  0005  0312
 Р0051  0201  7400  0600  1060  4000  0004  4000
  0024  4000  0025  7600  0005  0312
 Р0052  0201  7400  1000  1360  4000  0004  4000
  0024  4000  0025  7600  0005  0312
 Р0053  0205  4146  7400  4202  1100  4502  0560
  7400  0701  0005  1604  1706  0260  4000  0014
  4000  0034  4000  0035  7600  0005  0313
 Р0054  0201  7400  0200  0560  4000  0014  4000
  0034  4000  0035  7600  0005  0313
 Р0055  0201  7400  0500  1160  4000  0014  4000
  0034  4000  0035  7600  0005  0313
 Р0056  0201  7400  1100  1460  4000  0014  4000
  0034  4000  0035  7600  0005  0313
 Р0057  0201  4167  5000  4403  1520  7400  1400
  0260  4000  0014  4000  0034  4000  0035  7601
  0062  0313
 Р0058  0201  7400  0200  0560  4000  0014  4000
  0034  4000  0035  7601  0062  0313
 Р0059  0201  7400  0500  1160  4000  0014  4000
  0034  4000  0035  7601  0062  0313
 Р0060  0201  7400  1100  1460  4000  0014  4000
  0034  4000  0035  7601  0062  0313
 Р0061  0201  4146  7400  4202  2540  4302  2540
  7400  0000  1400  1600  1603  0060  4000  0012
  4000  0022  4000  0023  7600  0024  0312
 Р0062  0201  7400  0000  1600  0003  1660  4000
  0012  4000  0022  4000  0023  7600  0024  0312
 
 Р0063  0217  4145  1000  4202  2540  4403  1520
  4622  2520  7400  0701  0004  1706  0360  4000
  0004  4000  0024  4000  0025  7600  0005  0317
 
 Р0064  0201  7400  0300  0660  4000  0004  4000
  0024  4000  0025  7600  0005  0312
 Р0065  0201  7400  0600  1060  4000  0004  4000
  0024  4000  0025  7600  0005  0312
 Р0066  0201  7400  1000  1360  4000  0004  4000
  0024  4000  0025  7600  0005  0317
 Р0067  0217  4146  7400  4202  1100  4402  0560
  4622  2520  7400  0701  0004  1706  0360  4000
  0004  4000  0024  4000  0025  7600  0024  0314
 
 Р0068  0201  7400  0300  0660  4000  0004  4000
  0024  4000  0025  7600  0024  0314
 Р0069  0201  7400  0600  1060  4000  0004  4000
  0024  4000  0025  7600  0024  0314
 Р0070  0201  7400  1000  1360  4000  0004  4000
  0024  4000  0025  7600  0024  0314
 Р0071  0205  4146  7400  4502  0560  7400  0701
  0004  1605  1706  0260  4000  0004  4000  0014
  4000  0034  4000  0035  7600  0024  0314
 Р0072  0201  7400  0200  0560  4000  0004  4000
  0014  4000  0034  4000  0035  7600  0024  0314
 
 Р0073  0201  7400  0500  1160  4000  0004  4000
  0014  4000  0034  4000  0035  7600  0024  0314
 
 Р0074  0201  7400  1100  1460  4000  0004  4000
  0014  4000  0034  4000  0035  7600  0024  0314
 
 Р0075  0201  4167  2400  4203  2000  4502  0560
  7400  1400  0260  4000  0004  4000  0014  4000
  0034  4000  0035  7601  0062  0314
 Р0076  0201  7400  0200  0560  4000  0004  4000
  0014  4000  0034  4000  0035  7601  0062  0314
 
 Р0077  0201  7400  0500  1160  4000  0004  4000
  0014  4000  0034  4000  0035  7601  0062  0314
 
 Р0078  0201  7400  1100  1460  4000  0004  4000
  0014  4000  0034  4000  0035  7601  0062  0314
 
 Р0079  0217  4147  1000  4202  2540  4622  2540
  7400  0701  1706  0440  1240  1540  0160  4000
  0021  7600  0100  0317
 Р0080  0205  4147  1000  4202  2540  4602  2540
  7400  0701  1706  0160  4000  0021  7600  0100
  0315
 Р0081  0201  7400  0100  0460  4000  0021  7600
  0100  0315
 Р0082  0201  7400  0400  1260  4000  0021  7600
  0100  0315
 Р0083  0201  7400  1200  1560  4000  0021  7600
  0100  0315
 Р0084  0205  4147  1000  4202  2540  4603  0000
  7400  0701  1701  0160  4000  0021  7600  0100
  0315
 Р0085  0201  7400  0100  0460  4000  0021  7600
  0100  0315
 Р0086  0201  7400  0400  1260  4000  0021  7600
  0100  0315
 Р0087  0201  7400  1200  1560  4000  0021  7600
  0100  0315
 Р0088  0205  4167  5000  4203  1520  4303  2000
  4402  0560  4502  0560  4622  2520  7400  0701
  0004  1605  1706  0203  0160  4000  0006  4000
  0016  4000  0036  4000  0037  7601  0062  0315
 
 Р0089  0201  7400  0200  0100  0503  0460  4000
  0006  4000  0016  4000  0036  4000  0037  7601
  0062  0315
 Р0090  0201  7400  0500  0400  1103  1260  4000
  0006  4000  0016  4000  0036  4000  0037  7601
  0062  0315
 Р0091  0201  7400  1100  1200  1403  1560  4000
  0006  4000  0016  4000  0036  4000  0037  7601
  0062  0315
 Р0092  0217  4162  1065  4223  0000  4303  4520
  4502  0600  4403  4520  4632  2120  7400  0701
  0004  1605  1706  0303  0260  4000  0014  4000
  0016  4000  0036  4000  0037  7600  0003  0316
 
 Р0093  0201  7400  0300  0200  0603  0560  4000
  0014  4000  0016  4000  0036  4000  0037  7600
  0003  0316
 Р0094  0201  7400  0600  0500  1003  1160  4000
  0014  4000  0016  4000  0036  4000  0037  7600
  0003  0316
 Р0095  0201  7400  1000  1100  1303  1460  4000
  0014  4000  0016  4000  0036  4000  0037  7600
  0003  0316
 Р0096  0205  7400  0701  0005  1604  1706  0203
  0160  4000  0014  4000  0016  4000  0036  4000
  0037  7600  0003  0316
 Р0097  0201  7400  0200  0100  0503  0460  4000
  0014  4000  0016  4000  0036  4000  0037  7600
  0003  0316
 Р0098  0201  7400  0500  0400  1103  1260  4000
  0014  4000  0016  4000  0036  4000  0037  7600
  0003  0316
 Р0099  0201  7400  1100  1200  1403  1560  4000
  0014  4000  0016  4000  0036  4000  0037  7600
  0003  0316
 Р0100  0217  4143  7200  4222  2520  4302  1100
  4403  2000  4503  2000  7400  0701  0004  1605
  0303  0603  1003  1303  1760  4000  0016  4000
  0017  7600  0003  0317
 Р0101  0217  4142  1105  4222  2520  4402  1100
  4502  1100  7400  0701  0004  1605  0301  0601
  1001  1301  1760  4000  0014  4000  0015  7600
  0003  0317
 Р0102  0217  4147  2400  4202  2540  7400  0101
  0301  0501  0701  1101  1301  1501  1701  0040
  0240  0440  0640  1040  1240  1440  1660  4000
  0001  7600  0100  0317
 Р0103  0205  7400  0001  0201  0401  0601  0701
  1001  1201  1401  1601  1701  0140  0340  0540
  1140  1340  1560  4000  0001  7600  0100  0317
 7700
