;571ук4о
 Р0001  0217  4112  2000  4221  2400  7400  1740
  0721  4000  0001  7601  0062  0316
 Р0002  0210  4221  2400  7400  0001  0101  0301
  0501  0701  1101  1301  1501  1621  4000  0001
  7601  0062  0316
 Р0003  0204  7400  0001  0201  0401  0601  0701
  1001  1201  1401  1740  1621  4000  0001  7601
  0062  0316
 Р0004  0217  4102  2400  4222  1000  7400  0040
  0140  0240  0340  0440  0540  0640  1040  1140
  1240  1340  1440  1540  1640  1701  0721  4000
  0001  7601  0062  0316
 Р0005  0217  4100  1405  4243  0000  4322  2400
  4422  0000  4522  1100  4623  2000  4742  2120
  7400  0701  0103  0004  1605  1707  0306  0506
  1106  1306  1506  2640  0260  4000  0076  7505
  4000  0077  7510  4322  1400  4322  1100  4322
  1000  4322  0600  4422  0040  4422  0100  4422
  0140  4422  0200  4422  0225  7600  0005  0312
 
 Р0006  0201  4100  1420  4322  2400  4422  0000
  7400  0100  0300  0200  0106  0303  0460  4000
  0076  7505  4000  0077  7510  4322  1400  4322
  1100  4322  1000  4322  0600  4422  0040  4422
  0100  4422  0140  4422  0200  4422  0225  7600
  0005  0312
 Р0007  0201  4322  2400  4422  0000  7400  0300
  0500  0400  0306  0503  0660  4000  0076  7505
  4000  0077  7510  4322  1400  4322  1100  4322
  1000  4322  0600  4422  0040  4422  0100  4422
  0140  4422  0200  4422  0225  7600  0005  0312
 
 Р0008  0201  4322  2400  4422  0000  7400  0500
  1100  0600  1103  0506  1060  4000  0076  7505
  4000  0077  7510  4322  1400  4322  1100  4322
  1000  4322  0600  4422  0040  4422  0100  4422
  0140  4422  0200  4422  0225  7600  0005  0312
 
 Р0009  0201  4322  2400  4422  0000  7400  1000
  1100  1300  0000  1600  0005  1604  1106  1303
  1260  4000  0076  7505  4000  0077  7510  4322
  1400  4322  1100  4322  1000  4322  0600  4422
  0040  4422  0100  4422  0140  4422  0200  4422
  0225  7600  0005  0312
 Р0010  0201  4322  2400  4422  0000  7400  1200
  1300  1500  1306  1503  1460  4000  0076  7505
  4000  0077  7510  4322  1400  4322  1100  4322
  1000  4322  0600  4422  0040  4422  0100  4422
  0140  4422  0200  4422  0225  7600  0005  0312
 
 Р0011  0201  4100  2003  4322  2400  4422  0000
  7400  0000  1600  0004  1605  1400  2600  1500
  0100  1506  0103  2740  0260  4000  0076  7505
  4000  0077  7510  4322  1400  4322  1100  4322
  1000  4322  0600  4422  0040  4422  0100  4422
  0140  4422  0200  4422  0225  7600  0005  0312
 
 Р0012  0201  4100  2140  4322  2400  4422  0000
  7400  0200  0100  0300  0106  0303  0460  4000
  0076  7505  4000  0077  7510  4322  1400  4322
  1100  4322  1000  4322  0600  4422  0040  4422
  0100  4422  0140  4422  0200  4422  0225  7600
  0005  0312
 Р0013  0201  4322  2400  4422  0000  7400  0400
  0300  0500  0306  0503  0660  4000  0076  7505
  4000  0077  7510  4322  1400  4322  1100  4322
  1000  4322  0600  4422  0040  4422  0100  4422
  0140  4422  0200  4422  0225  7600  0005  0312
 
 Р0014  0201  4322  2400  4422  0000  7400  0600
  0500  1100  0506  1103  1060  4000  0076  7505
  4000  0077  7510  4322  1400  4322  1100  4322
  1000  4322  0600  4422  0040  4422  0100  4422
  0140  4422  0200  4422  0225  7600  0005  0312
 
 Р0015  0201  4322  2400  4422  0000  7400  1000
  1100  1300  0000  1600  0005  1604  1106  1303
  1260  4000  0076  7505  4000  0077  7510  4322
  1400  4322  1100  4322  1000  4322  0600  4422
  0040  4422  0100  4422  0140  4422  0200  4422
  0225  7600  0005  0312
 Р0016  0201  4322  2400  4422  0000  7400  1200
  1300  1500  1306  1503  1460  4000  0076  7505
  4000  0077  7510  4322  1400  4322  1100  4322
  1000  4322  0600  4422  0040  4422  0100  4422
  0140  4422  0200  4422  0225  7600  0005  0312
 
 Р0017  0217  4102  4000  4233  2500  4322  1000
  4422  0200  4522  1100  4623  2000  4732  2000
  7400  0701  0103  0004  1605  1707  0306  0506
  1106  1306  1506  0260  4000  0076  7505  4000
  0077  7600  0005  0312
 Р0018  0201  7400  0100  0200  0300  0106  0303
  0460  4000  0076  7505  4000  0077  7600  0005
  0312
 Р0019  0201  7400  0300  0400  0500  0306  0503
  0660  4000  0076  7505  4000  0077  7600  0005
  0312
 Р0020  0201  7400  0500  0600  1100  0506  1103
  1060  4000  0076  7505  4000  0077  7600  0005
  0312
 Р0021  0201  7400  1000  1100  1300  0000  1600
  0005  1604  1106  1303  1260  4000  0076  7505
  4000  0077  7600  0005  0312
 Р0022  0201  7400  1200  1300  1500  1306  1503
  1460  4000  0076  7505  4000  0077  7600  0005
  0312
 Р0023  0217  4100  0420  4243  0000  4322  0600
  4422  0225  4623  2000  4742  3120  7400  0701
  0103  0004  1604  1707  0306  0506  1106  1306
  1506  0260  4000  0066  7505  4000  0067  7601
  0024  0311
 Р0024  0210  4100  0440  7610  0012  0307
 Р0025  0201  4100  0420  4322  0600  4422  0225
  7400  0200  0100  0300  0106  0303  0460  4000
  0066  7505  4000  0067  7601  0024  0311
 Р0026  0210  4100  0440  7610  0012  0307
 Р0027  0201  4100  0420  4322  0600  4422  0225
  7400  0400  0300  0500  0306  0503  0660  4000
  0066  7505  4000  0067  7601  0024  0311
 Р0028  0210  4100  0440  7610  0012  0307
 Р0029  0201  4100  0420  4322  0600  4422  0225
  7400  0600  0500  1100  0506  1103  1060  4000
  0066  7505  4000  0067  7601  0024  0311
 Р0030  0210  4100  0440  7610  0012  0307
 Р0031  0201  4100  0420  4322  0600  4422  0225
  7400  1000  1100  1300  1106  1303  1260  4000
  0066  7505  4000  0067  7601  0024  0311
 Р0032  0210  4100  0440  7610  0012  0307
 Р0033  0201  4100  0420  4322  0600  4422  0225
  7400  1200  1300  1500  1306  1503  1460  4000
  0066  7505  4000  0067  7601  0024  0311
 Р0034  0210  4100  0440  7610  0012  0307
 Р0035  0217  4125  2420  4207  4000  7400  0701
  0260  4000  0001  7610  0062  0307
 Р0036  0201  7400  0200  0460  4000  0001  7610
  0062  0307
 Р0037  0201  7400  0400  0660  4000  0001  7610
  0062  0307
 Р0038  0201  7400  0600  1060  4000  0001  7610
  0062  0307
 Р0039  0201  7400  1000  1260  4000  0001  7610
  0062  0307
 Р0040  0201  7400  1200  1460  4000  0001  7610
  0062  0307
 Р0041  0217  4100  1205  4242  0000  4322  0000
  4422  0000  4522  1100  4622  1100  4742  2120
  7400  0701  0103  0306  0506  1106  1306  1506
  0004  1605  1707  2140  0260  4000  0076  7505
  4000  0077  7510  4322  0040  4322  0100  4322
  0140  4322  0200  4322  0225  4422  0040  4422
  0100  4422  0140  4422  0200  4422  0225  7601
  0005  0313
 Р0042  0201  4322  0000  4422  0000  7400  0200
  0100  0300  0106  0303  0460  4000  0066  7505
  4000  0067  7510  4322  0040  4322  0100  4322
  0140  4322  0200  4322  0225  4422  0040  4422
  0100  4422  0140  4422  0200  4422  0225  7601
  0005  0313
 Р0043  0201  4322  0000  4422  0000  7400  0400
  0300  0500  0306  0503  0660  4000  0066  7505
  4000  0067  7510  4322  0040  4322  0100  4322
  0140  4322  0200  4322  0225  4422  0040  4422
  0100  4422  0140  4422  0200  4422  0225  7601
  0005  0313
 Р0044  0201  4322  0000  4422  0000  7400  0600
  0500  1100  0506  1103  1060  4000  0066  7505
  4000  0067  7510  4322  0040  4322  0100  4322
  0140  4322  0200  4322  0225  4422  0040  4422
  0100  4422  0140  4422  0200  4422  0225  7601
  0005  0313
 Р0045  0201  4322  0000  4422  0000  7400  1000
  1100  1300  0000  1600  0005  1604  1106  1303
  1260  4000  0066  7505  4000  0067  7510  4322
  0040  4322  0100  4322  0140  4322  0200  4322
  0225  4422  0040  4422  0100  4422  0140  4422
  0200  4422  0225  7601  0005  0313
 Р0046  0201  4322  0000  4422  0000  7400  1200
  1300  1500  1306  1503  1460  4000  0066  7505
  4000  0067  7510  4322  0040  4322  0100  4322
  0140  4322  0200  4322  0225  4422  0040  4422
  0100  4422  0140  4422  0200  4422  0225  7601
  0005  0313
 Р0047  0217  4122  6120  4227  0600  7400  0701
  0060  4000  0001  7601  0024  0310
 Р0048  0201  7400  0000  0160  4000  0001  7601
  0024  0310
 Р0049  0201  7400  0100  0260  4000  0001  7601
  0024  0310
 Р0050  0201  7400  0200  0360  4000  0001  7601
  0024  0310
 Р0051  0201  7400  0300  0460  4000  0001  7601
  0024  0310
 Р0052  0201  7400  0400  0560  4000  0001  7601
  0024  0310
 Р0053  0201  7400  0500  0660  4000  0001  7601
  0024  0310
 Р0054  0201  7400  0600  1060  4000  0001  7601
  0024  0310
 Р0055  0201  7400  1000  1160  4000  0001  7601
  0024  0310
 Р0056  0201  7400  1100  1260  4000  0001  7601
  0024  0310
 Р0057  0201  7400  1200  1360  4000  0001  7601
  0024  0310
 Р0058  0201  7400  1300  1460  4000  0001  7601
  0024  0310
 Р0059  0201  7400  1400  1560  4000  0001  7601
  0024  0310
 Р0060  0201  7400  1500  1660  4000  0001  7601
  0024  0310
 Р0061  0217  4164  1220  4223  2000  4322  1100
  4423  2000  4732  2520  7400  0701  0004  1604
  1707  0303  0503  1103  1303  1503  0160  4000
  0047  7601  0024  0314
 Р0062  0201  7400  0300  0100  0103  0360  4000
  0047  7601  0024  0314
 Р0063  0201  7400  0300  0500  0303  0560  4000
  0047  7601  0024  0314
 Р0064  0201  7400  0500  1100  0503  1160  4000
  0047  7601  0024  0314
 Р0065  0201  7400  1100  1300  1103  1360  4000
  0047  7601  0024  0314
 Р0066  0201  7400  1500  1300  1303  1560  4000
  0047  7601  0024  0314
 Р0067  0217  4164  1220  4223  2000  4322  1100
  4422  1100  4732  2520  7400  0701  1707  1604
  0103  0303  0503  1103  1303  1503  0060  4000
  0047  7601  0024  0314
 Р0068  0201  7400  0000  1600  0004  1660  4000
  0047  7601  0024  0314
 Р0069  0217  4146  1000  4222  1160  4323  2000
  4423  2000  4732  2520  7400  0701  0004  0303
  0503  1103  1303  1503  1604  1707  0160  4000
  0047  7600  0024  0314
 Р0070  0201  7400  0100  0300  0103  0360  4000
  0047  7600  0024  0314
 Р0071  0201  7400  0300  0500  0303  0560  4000
  0047  7600  0024  0314
 Р0072  0201  7400  0500  1100  0503  1160  4000
  0047  7600  0024  0314
 Р0073  0201  7400  1100  1300  1103  1360  4000
  0047  7600  0024  0314
 Р0074  0201  7400  1300  1500  1303  1560  4000
  0047  7600  0024  0314
 Р0075  0201  4146  2400  4222  3000  7400  1500
  0100  1503  0160  4000  0047  7600  0024  0314
 
 Р0076  0201  7400  0100  0300  0103  0360  4000
  0047  7600  0024  0314
 Р0077  0201  7400  0300  0500  0303  0560  4000
  0047  7600  0024  0314
 Р0078  0201  7400  0500  1100  0503  1160  4000
  0047  7600  0024  0314
 Р0079  0201  7400  1100  1300  1103  1360  4000
  0047  7600  0024  0314
 Р0080  0201  7400  1300  1500  1303  1560  4000
  0047  7600  0024  0314
 Р0081  0217  4146  1000  4222  1160  4323  2000
  4423  2000  4732  2520  7400  0701  1604  1707
  0103  0303  0503  1103  1303  1503  0060  4000
  0047  7600  0024  0314
 Р0082  0201  7400  0000  1600  0004  1660  4000
  0047  7600  0024  0314
 Р0083  0201  4146  2400  4222  3000  7400  1600
  0000  1604  0060  4000  0047  7600  0024  0314
 
 Р0084  0201  7400  0000  1600  0004  1660  4000
  0047  7600  0024  0314
 Р0085  0217  4166  1000  4223  2000  4322  1100
  4422  2400  4732  2520  7400  0701  0004  1604
  1707  0303  0503  1103  1303  1503  0160  4000
  0046  7505  4000  0047  7510  4422  1400  4422
  1100  4422  1000  4422  0600  7601  0024  0315
 
 Р0086  0201  4422  2400  7400  0100  0300  0103
  0360  4000  0046  7505  4000  0047  7510  4422
  1400  4422  1100  4422  1000  4422  0600  7601
  0024  0315
 Р0087  0201  4422  2400  7400  0300  0500  0303
  0560  4000  0046  7505  4000  0047  7510  4422
  1400  4422  1100  4422  1000  4422  0600  7601
  0024  0315
 Р0088  0201  4422  2400  7400  0500  1100  0503
  1160  4000  0046  7505  4000  0047  7510  4422
  1400  4422  1100  4422  1000  4422  0600  7601
  0024  0315
 Р0089  0201  4422  2400  7400  1100  1300  1103
  1360  4000  0046  7505  4000  0047  7510  4422
  1400  4422  1100  4422  1000  4422  0600  7601
  0024  0315
 Р0090  0201  4422  2400  7400  1300  1500  1303
  1560  4000  0046  7505  4000  0047  7510  4422
  1400  4422  1100  4422  1000  4422  0600  7601
  0024  0315
 Р0091  0205  4146  1000  4222  1160  4322  2400
  4523  2000  4732  2520  7400  0701  0003  1603
  0305  0505  1105  1305  1505  1707  0160  4000
  0053  7510  4322  1400  4322  1100  4322  1000
  4322  0600  7600  0024  0315
 Р0092  0201  4322  2400  7400  0100  0300  0105
  0360  4000  0053  7510  4322  1400  4322  1100
  4322  1000  4322  0600  7600  0024  0315
 Р0093  0201  4322  2400  7400  0300  0500  0305
  0560  4000  0053  7510  4322  1400  4322  1100
  4322  1000  4322  0600  7600  0024  0315
 Р0094  0201  4322  2400  7400  0500  1100  0505
  1160  4000  0053  7510  4322  1400  4322  1100
  4322  1000  4322  0600  7600  0024  0315
 Р0095  0201  4322  2400  7400  1100  1300  1105
  1360  4000  0053  7510  4322  1400  4322  1100
  4322  1000  4322  0600  7600  0024  0315
 Р0096  0201  4322  2400  7400  1300  1500  1305
  1560  4000  0053  7510  4322  1400  4322  1100
  4322  1000  4322  0600  7600  0024  0315
 Р0097  0217  4146  1000  4222  1160  4323  2000
  7400  0001  0701  1601  1701  0303  0503  1103
  1303  1503  0160  4000  0003  7600  0024  0315
 
 Р0098  0201  7400  0100  0300  0103  0360  4000
  0003  7600  0024  0315
 Р0099  0201  7400  0300  0500  0303  0560  4000
  0003  7600  0024  0315
 Р0100  0201  7400  0500  1100  0503  1160  4000
  0003  7600  0024  0315
 Р0101  0201  7400  1100  1300  1103  1360  4000
  0003  7600  0024  0315
 Р0102  0201  7400  1300  1500  1303  1560  4000
  0003  7600  0024  0315
 Р0103  0217  4166  1000  4223  2000  4323  2000
  4422  2400  4732  2120  7400  0701  0103  0303
  0503  1103  1303  1503  0004  1604  1707  0260
  4000  0046  7505  4000  0047  7510  4422  1400
  4422  1100  4422  1000  4422  0600  7601  0024
  0315
 Р0104  0201  4422  2400  7400  0200  0460  4000
  0046  7505  4000  0047  7510  4422  1400  4422
  1100  4422  1000  4422  0600  7601  0024  0315
 
 Р0105  0201  4422  2400  7400  0400  0660  4000
  0046  7505  4000  0047  7510  4422  1400  4422
  1100  4422  1000  4422  0600  7601  0024  0315
 
 Р0106  0201  4422  2400  7400  0600  1060  4000
  0046  7505  4000  0047  7510  4422  1400  4422
  1100  4422  1000  4422  0600  7601  0024  0315
 
 Р0107  0201  4422  2400  7400  1000  1260  4000
  0046  7505  4000  0047  7510  4422  1400  4422
  1100  4422  1000  4422  0600  7601  0024  0315
 
 Р0108  0201  4422  2400  7400  1200  1460  4000
  0046  7505  4000  0047  7510  4422  1400  4422
  1100  4422  1000  4422  0600  7601  0024  0315
 
 Р0109  0217  4146  1000  4222  2520  4322  2400
  4422  2400  4732  2120  7400  0701  0004  1604
  1707  0103  0303  0503  1103  1303  1503  0260
  4000  0046  7505  4000  0047  7510  4322  1400
  4322  1100  4322  1000  4322  0600  4422  1400
  4422  1100  4422  1000  4422  0600  7600  0024
  0315
 Р0110  0201  4322  2400  4422  2400  7400  0200
  0460  4000  0046  7505  4000  0047  7510  4322
  1400  4322  1100  4322  1000  4322  0600  4422
  1400  4422  1100  4422  1000  4422  0600  7600
  0024  0315
 Р0111  0201  4322  2400  4422  2400  7400  0400
  0660  4000  0046  7505  4000  0047  7510  4322
  1400  4322  1100  4322  1000  4322  0600  4422
  1400  4422  1100  4422  1000  4422  0600  7600
  0024  0315
 Р0112  0201  4322  2400  4422  2400  7400  0600
  1060  4000  0046  7505  4000  0047  7510  4322
  1400  4322  1100  4322  1000  4322  0600  4422
  1400  4422  1100  4422  1000  4422  0600  7600
  0024  0315
 Р0113  0201  4322  2400  4422  2400  7400  1000
  1260  4000  0046  7505  4000  0047  7510  4322
  1400  4322  1100  4322  1000  4322  0600  4422
  1400  4422  1100  4422  1000  4422  0600  7600
  0024  0315
 Р0114  0201  4322  2400  4422  2400  7400  1200
  1460  4000  0046  7505  4000  0047  7510  4322
  1400  4322  1100  4322  1000  4322  0600  4422
  1400  4422  1100  4422  1000  4422  0600  7600
  0024  0315
 Р0115  0217  4146  1000  4222  2520  4322  0600
  4422  0000  4722  0000  7400  0004  0103  0303
  0503  0701  1103  1303  1503  1604  1707  0260
  4000  0046  7505  4000  0047  7600  0024  0315
 
 Р0116  0201  7400  0200  0460  4000  0046  7505
  4000  0047  7600  0024  0315
 Р0117  0201  7400  0400  0660  4000  0046  7505
  4000  0047  7600  0024  0315
 Р0118  0201  7400  0600  1060  4000  0046  7505
  4000  0047  7600  0024  0315
 Р0119  0201  7400  1000  1260  4000  0046  7505
  4000  0047  7600  0024  0315
 Р0120  0201  7400  1200  1460  4000  0046  7505
  4000  0047  7600  0024  0315
 Р0121  0217  4162  5560  4243  0000  4323  2000
  4423  2000  4742  2520  7400  0701  0103  0303
  0503  1103  1303  1503  0004  1604  1707  0260
  4000  0046  7524  4000  0047  7601  0036  0316
 
 Р0122  0201  7400  0200  0460  4000  0046  7524
  4000  0047  7601  0036  0316
 Р0123  0201  7400  0400  0660  4000  0046  7524
  4000  0047  7601  0036  0316
 Р0124  0201  7400  0600  1060  4000  0046  7524
  4000  0047  7601  0036  0316
 Р0125  0201  7400  1000  1260  4000  0046  7524
  4000  0047  7601  0036  0316
 Р0126  0201  7400  1200  1460  4000  0046  7524
  4000  0047  7601  0036  0316
 Р0127  0201  4162  3120  7400  1400  0260  4000
  0046  7524  4000  0047  7600  0036  0316
 Р0128  0201  7400  0200  0460  4000  0046  7524
  4000  0047  7600  0036  0316
 Р0129  0201  7400  0400  0660  4000  0046  7524
  4000  0047  7600  0036  0316
 Р0130  0201  7400  0600  1060  4000  0046  7524
  4000  0047  7600  0036  0316
 Р0131  0201  7400  1000  1260  4000  0046  7524
  4000  0047  7600  0036  0316
 Р0132  0201  7400  1200  1460  4000  0046  7524
  4000  0047  7600  0036  0316
 Р0133  0217  4142  0442  4232  2520  4322  2120
  4422  0000  7400  0701  0004  1604  0103  0303
  0503  1103  1303  1503  1760  4000  0007  7600
  0024  0317
 Р0134  0217  4142  0544  4232  2520  4322  2120
  7400  0701  0101  0301  0501  1101  1301  1501
  0003  1603  1760  4000  0003  7600  0036  0317
 7700
 4040  2020  1010  0404  0202  0101  0101
