;112ËÄ1Ö1

T01	0217	4144	2400	4212	1460	7400	0001	1060	4000	0001	7601	0005	0307
T02	0201	7400	0000	0621	4000	0001	7601	0005	0307
T03	0201	7400	0600	0121	4000	0001	7601	0005	0307
T04	0201	7400	0100	0221	4000	0001	7601	0005	0307
T05	0201	7400	0200	0321	4000	0001	7601	0005	0307
T06	0201	7400	0300	0421	4000	0001	7601	0005	0307
T07	0201	7400	0400	0521	4000	0001	7601	0005	0307
T08	0201	7400	0500	1221	4000	0001	7601	0005	0307
T09	0201	7400	1200	1321	4000	0001	7601	0005	0307
T10	0201	7400	1300	1421	4000	0001	7601	0005	0307
T11	0217	4144	2400	4212	1160	7400	0702	1040	2202	2321	4000	0001	7601	0005	0307
;
T12	0201	7400	0700	1122	4000	0001	7601	0005	0307
T13	0201	7400	1100	1522	4000	0001	7601	0005	0307
T14	0217	4102	2400	4202	1000	7400	1001	0140	0240	0340	0440	0540	1240	1340	1460	4000	0001	7601	0005	0310
T15	0217	4113	1000	4212	5000	4516	3520	7400	0105	0205	1060	4000	0010	7510	4000	0011	7601	0062	0316
T16	0201	7400	0100	0200	0305	0405	0525	4000	0010	7510	4000	0011	7601	0062	0316
T17	0201	7400	0300	0400	0500	1205	1305	1425	4000	0010	7510	4000	0011	7601	0061	0316
T18	0217	4113	1000	4212	3400	4516	3520	4716	3400	7400	0105	0205	1507	1060	4000	0050	7510	4000	0051	7601	0062	0316
T19	0201	7400	0100	0200	1500	0305	0405	0505	0727	4000	0050	7510	4000	0051	7601	0062	0316
T20	0201	7400	0300	0400	0500	0700	1205	1305	1405	1127	4000	0050	7510	4000	0051	7601	0062	0316
T21	0217	4144	3100	4202	1460	7400	0001	1060	4000	0001	7601	0005	0312
T22	0201	7400	0000	0121	4000	0001	7601	0005	0312
T23	0201	7400	0100	0221	4000	0001	7601	0005	0312
T24	0201	7400	0200	0321	4000	0001	7601	0005	0312
T25	0201	7400	0300	0421	4000	0001	7601	0005	0312
T26	0201	7400	0400	0521	4000	0001	7601	0005	0312
T27	0201	7400	0500	0621	4000	0001	7601	0005	0312
T28	0201	7400	0600	1221	4000	0001	7601	0005	0312
T29	0201	7400	1200	1321	4000	0001	7601	0005	0312
T30	0201	7400	1300	1421	4000	0001	7601	0005	0312
T31	0201	4144	5000	7400	1400	0121	4000	0001	7600	0005	0312
T32	0201	7400	0100	0221	4000	0001	7600	0005	0312
T33	0201	7400	0200	0321	4000	0001	7600	0005	0312
T34	0201	7400	0300	0421	4000	0001	7600	0005	0312
T35	0201	7400	0400	0521	4000	0001	7600	0005	0312
T36	0201	7400	0500	1221	4000	0001	7600	0005	0312
T37	0201	7400	1200	1321	4000	0001	7600	0005	0312
T38	0201	7400	1300	1421	4000	0001	7600	0005	0312
T39	0217	4147	2400	4212	2520	7400	0140	2501	2402	1022	4000	0001	7600	0062	0315
;
T40	0201	7400	0100	0260	4000	0001	7600	0062	0315
T41	0201	7400	0200	0360	4000	0001	7600	0062	0315
T42	0201	7400	0300	0460	4000	0001	7600	0062	0315
T43	0201	7400	0400	0560	4000	0001	7600	0062	0315
T44	0201	7400	0500	1260	4000	0001	7600	0062	0315
T45	0201	7400	1200	1360	4000	0001	7600	0062	0315
T46	0201	7400	1300	1460	4000	0001	7600	0062	0315
T47	0217	4143	3100	4212	1160	7400	1502	1040	2202	2321	4000	0001	7601	0005	0314
;
T48	0201	7400	1500	0722	4000	0001	7601	0005	0314
T49	0201	7400	0700	1122	4000	0001	7601	0005	0314
T50	0217	4166	5000	4203	0000	4302	2400	7400	2403	2502	0102	0260	4000	0003	7601	0024	0316
T51	0201	7400	0100	0200	04002	0360	4000	0003	7601	0024	0316
T52	0201	7400	0300	0560	4000	0003	7601	0024	0316
T53	0201	7400	0400	0500	1302	1260	4000	0003	7601	0024	0316
T54	0201	7400	1200	1460	4000	0003	7601	0024	0316
T55	0217	4144	2400	4212	0400	7400	1502	1040	2202	2321	4000	0001	7601	0005	0314
;
T56	0201	7400	1500	0722	4000	0001	7601	0005	0314
T57	0201	7400	0700	1122	4000	0001	7601	0005	0314
T58	0217	4147	1400	4203	2000	7400	1040	1521	4000	0001	7600	0062	0314
T59	0201	7400	1500	0721	4000	0001	7600	0062	0314
T60	0201	7400	0700	1121	4000	0001	7600	0062	0314
T61	0217	4167	5000	4202	0000	4317	5000	4412	3120	7400	2303	2202	0102	1004	1560	4000	0003	7510	4000	0007	7601	0062	0313
;
T62	0201	7400	1500	0100	0402	0760	4000	0003	7510	4000	0007	7601	0062	0313
T63	0201	7400	0700	0400	1302	1160	4000	0003	7510	4000	0007	7601	0062	0313
T64	0217	4146	1120	4203	0000	4416	2120	7400	0702	2502	2440	1024	4000	0005	7600	0024	0306
T65	0201	7400	0700	1122	4000	0005	7600	0024	0306
T66	0201	7400	1100	1522	4000	0005	7600	0024	0306
;7700