;K155LA3
T01	0217	4163	0540	4203	2000	4302	2000	4422	2520	7400	0040	0103	0601	1524	4000	0007	7611	0005	0310
T02	0201	7400	0003	0160	4000	0007	7611	0005	0310
T03	0201	7400	0000	0100	0340	0423	4000	0007	7611	0005	0310
T04	0201	7400	0303	0460	4000	0007	7611	0005	0310
T05	0201	7400	0300	0400	1040	1123	4000	0007	7601	0005	0310
T06	0201	7400	1003	1160	4000	0007	7601	0005	0310
T03	0201	7400	1000	1100	1340	1423	4000	0007	7601	0005	0310
T08	0201	7400	1303	1460	4000	0007	7601	0005	0310
T09	0201	4145	3400	4202	1100	4303	0000	7400	1300	1400	0040	0123	4000	0007	7610	0024	0311
T10	0201	7400	0003	0160	4000	0007	7610	0024	0311
T11	0201	7400	0000	0100	0340	0423	4000	0007	7610	0010	0311
T12	0201	7400	0303	0460	4000	0007	7610	0024	0311
T13	0201	7400	0300	0400	1040	1123	4000	0007	7600	0010	0311
T14	0201	7400	1003	1160	4000	0007	7600	0024	0311
T15	0201	7400	1000	1100	1340	1423	4000	0007	7600	0010	0311
T16	0201	7400	1303	1460	4000	0007	7600	0024	0311
T17	0201	4104	2120	4202	5000	7400	1300	1400	0040	0123	4000	0007	7611	0005	0312
T18	0201	7400	0003	0160	4000	0007	7611	0005	0312
T19	0201	7400	0000	0100	0340	0423	4000	0007	7611	0005	0312
T20	0201	7400	0303	0460	4000	0007	7611	0005	0312
T21	0201	7400	0300	0400	1040	1123	4000	0007	7601	0005	0312
T22	0201	7400	1003	1160	4000	0007	7601	0005	0312
T23	0201	7400	1000	1100	1340	1423	4000	0007	7601	0005	0312
T24	0201	7400	1303	1460	4000	0007	7601	0005	0312
T25	0201	4102	1520	4223	0540	4302	0560	4422	2120	7400	1300	1400	0003	0103	0260	4000	0007	7610	0003	0313
T26	0201	7400	0000	0100	0200	0303	0403	0560	4000	0007	7610	0003	0313
T27	0201	7400	0300	0400	0500	1003	1103	0760	4000	0007	7600	0003	0313
T28	0201	7400	0700	1000	1100	1303	1403	1260	4000	0007	7600	0003	0313
T29	0201	4104	1100	4216	5000	4303	5400	7400	1200	1300	1400	0003	0260	0260	4000	0007	7611	0005	0314
T30	7400	0000	0123	7611	0005	0314
T31	0201	7400	0100	0200	0303	0560	4000	0007	7611	0005	0314
T32	7400	0300	0423	7611	0005	0314
T33	0201	7400	0400	0500	1003	0760	4000	0007	7601	0005	0314
T34	7400	1000	1123	7601	0005	0314
T35	0201	7400	0700	1100	1303	1260	4000	0007	7601	0005	0314
T36	7400	1300	1423	7601	0005	0314
T37	0201	4162	0600	4223	0000	4313	0000	4422	2400	7400	1200	1300	1400	0003	0103	0260	4000	0007	7610	0003	0315
T38	4162	2520	7611	0003	0315
T39	0201	4162	0600	7400	0000	0100	0200	0303	0403	0560	4000	0007	7610	0003	0315
T40	4162	2520	7611	0003	0315
T41	0201	4162	0600	7400	0300	0400	0500	1103	1003	0760	4000	0007	7600	0003	0315
T42	4162	2520	7601	0003	0315
T43	0201	4162	0600	7400	0700	1000	1100	1403	1303	1260	4000	0007	7600	0003	0315
T44	4162	2520	7601	0003	0315
T45	0217	4163	0540	4203	2000	4302	2000	4422	2520	7400	0601	1504	1040	1123	4000	0007	7604	0005	0310	0062
T46	0201	7400	1003	1160	4000	0007	7610	0005	0311
T47	0201	4145	3400	4202	1100	4303	0000	7400	1040	1123	4000	0007	7604	0010	0310	0500
T48	0201	7400	1003	1160	4000	0007	7610	0024	0311
T49	0201	4104	2120	4202	5000	7400	1040	1123	4000	0007	7604	0005	0312	0220
T50	0201	7400	1003	1160	4000	0007	7610	0005	0312
T51	0201	4102	1520	4223	0540	4302	0560	4422	2120	7400	1003	1103	0760	4000	0007	7604	0003	0313	0160
T52	0201	7400	0700	1000	1100	1303	1403	1260	4000	0007	7610	0003	0313
T53	0201	4104	1100	4216	5000	4303	5400	7400	1300	1400	1200	1003	0760	4000	0007	7604	0005	0314	0110
T54	0201	7400	1000	0700	1303	1260	4000	0007	7610	0005	0314	
T55	0201	4162	0600	4223	0000	4313	0000	4422	2400	7400	1103	0760	4000	0007	7604	0003	0315	0400
T56	0201	7400	1000	1100	0700	1303	1403	1260	4000	0007	7610	0003	0315
T57	0217	4114	0000	4216	5000	4322	2400	7400	0001	0601	4000	0003	7603	0005	0316	4216	2100	2400	4216	5000
T58	0201	4113	0000	4216	5000	4000	0003	7603	0005	0316	4216	1000	1000	4216	5000
T59	0201	4112	0000	4226	1000	4000	0003	7603	0005	0316	4226	0400	0040	4226	1000

7700	0014	6313	1400	0003	1464	6300	0000	0000	0077	0000	0000	0077	0000	0000	0077	0000	0000	0077	0000	0000	0077