;что 11.045.13125
;571ук4

T1	0217	7400	0001	0101	0201	0301	0401	0501	0601	0701	1001	1101	1201	1301	1401	1501	1601	1721	4145	7777	7600	0005	0310
T2	0217	4144	0005	4203	5000	7400	0701	1760	4000	0001	7601	0020	0307
T3	0201	4144	3000	7400	0701	1760	4000	0001	7600	0020	0307
T4	0217	4144	0005	4203	6000	7400	0001	2460	4000	0001	7601	0012	0307
T5	0201	7400	0000	0121	4000	0001	7601	0012	0307
T6	0201	7400	0100	0221	4000	0001	7601	0012	0307
T7	0201	7400	0200	0321	4000	0001	7601	0012	0307
T8	0201	7400	0300	0421	4000	0001	7601	0012	0307
T9	0201	7400	0400	0521	4000	0001	7601	0012	0307
T10	0201	7400	0500	0621	4000	0001	7601	0012	0307
T11	0201	7400	0600	1021	4000	0001	7601	0012	0307
T12	0201	7400	1000	1121	4000	0001	7601	0012	0307
T13	0201	7400	1100	1221	4000	0001	7601	0012	0307
T14	0201	7400	1200	1321	4000	0001	7601	0012	0307
T15	0201	7400	1300	1421	4000	0001	7601	0012	0307
T16	0201	7400	1400	1521	4000	0001	7601	0012	0307
T17	0201	7400	1500	1621	4000	0001	7601	0012	0307
T18	0217	4102	2000	4231	2400	7400	1740	0721	4000	0001	7601	0062	0316
T19	0210	4231	2400	7400	0001	0101	0301	0501	0701	1101	1301	1501	1621	4000	0001	7601	0062	0316
T20	0204	7400	0001	0701	0201	0401	0601	1001	1201	1401	1740	1621	4000	0001	7601	0062	0316
T21	0217	4102	2400	4222	1000	7400	0040	0140	0240	0340	0440	0540	0640	1040	1140	1240	1340	1440	1540	1640	0701	1721	4000	0001	7601	0062	0316
T22	0217	4114	1120	4231	2400	7400	0101	0301	0501	1101	1301	1501	0240	0440	0640	1040	1240	1460	4000	0001	7601	0062	0316
T23	0217	4132	1120	4235	2400	7400	0240	0440	0640	1040	1240	1440	0101	0301	0501	1101	1301	1521	4000	0001	7600	0062	0316
T24	0217	4112	1120	4231	2400	7400	0701	0240	0440	0640	1040	1240	1440	1540	0040	0140	0340	0540	1140	1340	1540	1660	4000	0001	7601	0062	0316
T25	0217	4100	1425	4223	0000	4322	2400	4422	0000	4522	1100	4623	2000	4732	2120	7400	0701	0103	0004	1605	7107	0306	0506	1106	1306	1506	2640	0103	0260	4000	0076	7505	4000	0077	7510	4322	1400	4322	1100	4322	1000	4422	0040	4422	0100	4422	0140	4422	0200	7600	0400	0312
T26	0201	4322	2400	4422	0000	7400	0200	0100	0300	0106	0303	0460	4000	0076	7505	4000	0077	7510	4322	1400	4322	1100	4322	1000	4422	0040	4422	0100	4422	0140	4422	0200	7600	0005	0312
T27	0201	4322	2400	4422	0000	7400	0400	0300	0500	0306	0503	0660	4000	0076	7505	4000	0077	7510	4322	1400	4322	1100	4322	1000	4422	0040	4422	0100	4422	0140	4422	0200	7600	0005	0312
T28	0201	4322	2400	4422	0000	7400	0600	0500	1100	0506	1103	1060	4000	0076	7505	4000	0077	7510	4322	1400	4322	1100	4322	1000	4422	0040	4422	0100	4422	0140	4422	0200	7600	0005	0312
T29	0201	4322	2400	4422	0000	7400	1000	1100	1300	1600	0000	0005	1604	1106	1303	1260	4000	0076	7505	4000	0077	7510	4322	1400	4322	1100	4322	1000	4422	0040	4422	0100	4422	0140	4422	0200	7600	0005	0312
T30	0201	4322	2400	4422	0000	7400	1200	1300	1500	1306	1503	1460	4000	0076	7505	4000	0077	7510	4322	1400	4322	1100	4322	1000	4422	0040	4422	0100	4422	0140	4422	0200	7600	0005	0312
T31	0201	4100	2023	4322	2400	4422	0000	7400	1400	2600	1500	0100	0000	1600	0004	1605	1506	0103	2740	0260	4000	0076	7505	4000	0077	7510	4322	1400	4322	1100	4322	1000	4422	0040	4422	0100	4422	0140	4422	0200	7600	0005	0312
T32	0201	4322	2400	4422	0000	7400	0200	0100	0300	0106	0303	0460	4000	0076	7505	4000	0077	7510	4322	1400	4322	1100	4322	1000	4422	0040	4422	0100	4422	0140	4422	0200	7600	0005	0312
T33	0201	4322	2400	4422	0000	7400	0400	0300	0500	0306	0503	0660	4000	0076	7505	4000	0077	7510	4322	1400	4322	1100	4322	1000	4422	0040	4422	0100	4422	0140	4422	0200	7600	0005	0312
T34	0201	4322	2400	4422	0000	7400	0600	0500	1100	0506	1103	1060	4000	0076	7505	4000	0077	7510	4322	1400	4322	1100	4322	1000	4422	0040	4422	0100	4422	0140	4422	0200	7600	0005	0312
T35	0201	4322	2400	4422	0000	7400	1000	1100	1300	0000	1600	0005	1604	1106	1303	1260	4000	0076	7505	4000	0077	7510	4322	1400	4322	1100	4322	1000	4422	0040	4422	0100	4422	0140	4422	0200	7600	0005	0312
T36	0201	4322	2400	4422	0000	7400	1200	1300	1500	1306	1503	1460	4000	0076	7505	4000	0077	7510	4322	1400	4322	1100	4322	1000	4422	0040	4422	0100	4422	0140	4422	0200	7600	0005	0312
T37	0217	4100	0400	4223	0000	4322	1100	4422	0225	4623	2000	4732	3120	7400	0701	0004	1707	1604	0103	0306	0506	1106	1306	1506	0260	4000	0066	7505	4000	0067	7601	0024	0307
T38	0210	4100	0420	7610	0012	0307
T39	0201	4100	0400	4322	1100	4422	0225	7400	0200	0100	0300	0106	0303	0460	4000	0066	7505	4000	0067	7601	0024	0307
T40	0210	4100	0420	7610	0012	0307
T41	0201	4100	0400	4322	1100	4422	0225	7400	0400	0300	0500	0306	0503	0660	4000	0066	7505	4000	0067	7601	0024	0307
T42	0210	4100	0420	7610	0012	0307
T43	0201	4100	0400	4322	1100	4422	0225	7400	0500	0600	1100	0506	1103	1060	4000	0066	7505	4000	0067	7601	0024	0307
T44	0210	4100	0420	7610	0012	0307
T45	0201	4100	0400	4322	1100	4422	0225	7400	1100	1000	1300	1106	1303	1260	4000	0066	7505	4000	0067	7601	0024	0307
T46	0210	4100	0420	7610	0012	0307
T47	0201	4100	0400	4322	1100	4422	0225	7400	1200	1300	1500	1306	1503	1460	4000	0066	7505	4000	0067	7601	0024	0307
T48	0210	4100	0420	7610	0024	0307
T49	0217	4125	2220	4207	4000	7400	0701	0260	4000	0001	7610	0062	0307
T50	0201	7400	0200	0460	4000	0001	7610	0062	0307
T51	0201	7400	0400	0660	4000	0001	7610	0062	0307
T52	0201	7400	0600	1060	4000	0001	7610	0062	0307
T53	0201	7400	1000	1260	4000	0001	7610	0062	0307
T54	0201	7400	1200	1460	4000	0001	7610	0062	0307
T55	0217	4100	1166	4222	0000	4322	0000	4422	0000	4522	1100	4622	1100	4732	2120	7400	0701	0103	0306	0506	1106	1306	1506	0004	1405	1707	2140	0260	4000	0076	7505	4000	0077	7510	4322	0040	4322	0100	4322	0140	4322	0200	4422	0040	4422	0100	4422	0140	4422	0200	7601	0005	0313
T56	0201	4322	0000	4422	0000	7400	0200	0100	0300	0106	0303	0460	4000	0076	7505	4000	0077	7510	4322	0040	4322	0100	4322	0140	4322	0200	4422	0040	4422	0100	4422	0140	4422	0200	7601	0005	0313
T57	0201	4322	0000	4422	0000	7400	0400	0300	0500	0306	0503	0660	4000	0076	7505	4000	0077	7510	4322	0040	4322	0100	4322	0140	4322	0200	4422	0040	4422	0100	4422	0140	4422	0200	7601	0005	0313
T58	0201	4322	0000	4422	0000	7400	0600	0500	1100	0506	1103	1060	4000	0076	7505	4000	0077	7510	4322	0040	4322	0100	4322	0140	4322	0200	4422	0040	4422	0100	4422	0140	4422	0200	7601	0005	0313
T59	0201	4322	0000	4422	0000	7400	1000	1100	1300	1600	0000	0005	1604	1106	1303	1260	4000	0076	7505	4000	0077	7510	4322	0040	4322	0100	4322	0140	4322	0200	4422	0040	4422	0100	4422	0140	4422	0200	7601	0005	0313
T60	0201	4322	0000	4422	0000	7400	1200	1300	1500	1306	1503	1460	4000	0076	7505	4000	0077	7510	4322	0040	4322	0100	4322	0140	4322	0200	4422	0040	4422	0100	4422	0140	4422	0200	7601	0005	0313
T61	0217	4122	6400	4227	0600	7400	0701	0060	4000	0001	7601	0024	0310
T62	0201	7400	0000	0160	4000	0001	7601	0024	0310
T63	0201	7400	0100	0260	4000	0001	7601	0024	0310
T64	0201	7400	0200	0360	4000	0001	7601	0024	0310
T65	0201	7400	0300	0460	4000	0001	7601	0024	0310
T66	0201	7400	0400	0560	4000	0001	7601	0024	0310
T67	0201	7400	0500	0660	4000	0001	7601	0024	0310
T68	0201	7400	0600	1060	4000	0001	7601	0024	0310
T69	0201	7400	1000	1160	4000	0001	7601	0024	0310
T70	0201	7400	1100	1260	4000	0001	7601	0024	0310
T71	0201	7400	1200	1360	4000	0001	7601	0024	0310
T72	0201	7400	1300	1460	4000	0001	7601	0024	0310
T73	0201	7400	1400	1560	4000	0001	7601	0024	0310
T74	0201	7400	1500	1660	4000	0001	7601	0024	0310
T75	0217	4164	1400	4223	2000	4423	2000	4322	1100	4732	2520	7400	0701	0004	1604	1707	0303	0503	1103	1303	1503	0160	4000	0047	7601	0024	0314
T76	0201	7400	0300	0100	0103	0360	4000	0047	7601	0024	0314
T77	0201	7400	0300	0500	0303	0560	4000	0047	7601	0024	0314
T78	0201	7400	0500	1100	0503	1160	4000	0047	7601	0024	0314
T79	0201	7400	1100	1300	1103	1360	4000	0047	7601	0024	0314
T80	0201	7400	1500	1300	1303	1560	4000	0047	7601	0024	0314
T81	0217	4164	1400	4223	2000	4322	1100	4422	1100	4732	2520	7400	0701	0103	0303	0503	1103	1303	1503	1707	1604	0060	4000	0047	7601	0024	0314
T82	0201	7400	0000	1600	0004	1660	4000	0047	7601	0024	0314
T83	0217	4146	1400	4222	1160	4323	2000	4423	2000	4732	2520	7400	0701	0004	1604	0303	0503	1103	1303	1503	1707	0160	4000	0047	7600	0024	0314
T84	0201	7400	0100	0300	0103	0360	4000	0047	7600	0024	0314
T85	0201	7400	0300	0500	0303	0560	4000	0047	7600	0024	0314
T86	0201	7400	0500	1100	0503	1160	4000	0047	7600	0024	0314
T87	0201	7400	1100	1300	1103	1360	4000	0047	7600	0024	0314
T88	0201	7400	1300	1500	1303	1560	4000	0047	7600	0024	0314
T89	0201	4146	5000	4222	3000	7400	1500	0100	1503	0160	4000	0047	7600	0024	0314
T90	0201	7400	0100	0300	0103	0360	4000	0047	7600	0024	0314
T91	0201	7400	0300	0500	0303	0560	4000	0047	7600	0024	0314
T92	0201	7400	0500	1100	0503	1160	4000	0047	7600	0024	0314
T93	0201	7400	1100	1300	1103	1360	4000	0047	7600	0024	0314
T94	0201	7400	1300	1500	1303	1560	4000	0047	7600	0024	0314
T95	0217	4146	1400	4222	1160	4323	2000	4423	2000	4732	2520	7400	0701	1604	0103	0303	0503	1103	1303	1503	1707	0060	4000	0047	7600	0024	0314
T96	0201	7400	0000	1600	0004	1660	4000	0047	7600	0024	0314
T97	0201	4146	5000	4222	3000	7400	1600	0000	1604	0060	4000	0047	7600	0024	0314
T98	0201	7400	0000	1600	0004	1660	4000	0043	7600	0024	0314
T99	0217	4166	1400	4223	2000	4322	1100	4422	2400	4732	2520	7400	0701	0004	1604	1707	0303	0503	1103	1303	1503	0160	4000	0046	7505	4000	0047	7510	4422	1400	4422	1100	4422	1000	7601	0024	0315
T100	0201	4422	2400	7400	0100	0300	0103	0360	4000	0046	7505	4000	0047	7510	4422	1400	4422	1100	4422	1000	7601	0024	0315
T101	0201	4422	2400	7400	0300	0500	0303	0560	4000	0046	7505	4000	0047	7510	4422	1400	4422	1100	4422	1000	7601	0024	0315
T102	0201	4422	2400	7400	0500	1100	0503	1160	4000	0046	7505	4000	0047	7510	4422	1400	4422	1100	4422	1000	7601	0024	0315
T103	0201	4422	2400	7400	1100	1300	1103	1360	4000	0046	7505	4000	0047	7510	4422	1400	4422	1100	4422	1000	7601	0024	0315
T104	0201	4422	2400	7400	1300	1500	1303	1560	4000	0046	7505	4000	0047	7510	4422	1400	4422	1100	4422	1000	7601	0024	0315
T105	0217	4146	1400	4222	1160	4322	2400	4523	2000	4732	2520	7400	0003	1603	0701	1707	0305	0505	1105	1305	1505	0160	4000	0046	7505	4000	0047	7510	4322	1400	4322	1100	4322	1000	7600	0024	0315
T106	0201	4322	2400	7400	0100	0300	0105	0360	4000	0052	7505	4000	0053	7510	4322	1400	4322	1100	4322	1000	7600	0024	0315
T107	0201	4322	2400	7400	0300	0500	0305	0560	4000	0052	7505	4000	0053	7510	4322	1400	4322	1100	4322	1000	7600	0024	0315
T108	0201	4322	2400	7400	0500	1100	0505	1160	4000	0052	7505	4000	0053	7510	4322	1400	4322	1100	4322	1000	7600	0024	0315
T109	0201	4322	2400	7400	1100	1300	1105	1360	4000	0052	7505	4000	0053	7510	4322	1400	4322	1100	4322	1000	7600	0024	0315
T110	0201	4322	2400	7400	1300	1500	1305	1560	4000	0052	7505	4000	0053	7510	4322	1400	4322	1100	4322	1000	7600	0024	0315
T111	0217	4146	1400	4222	1160	4323	2000	7400	0001	0701	1601	1701	0303	0503	1103	1303	1503	0160	4000	0003	7600	0024	0315
T112	0201	7400	0100	0300	0103	0360	4000	0003	7600	0024	0315
T113	0201	7400	0300	0500	0303	0560	4000	0003	7600	0024	0315
T114	0201	7400	0500	1100	0503	1160	4000	0003	7600	0024	0315
T115	0201	7400	1100	1300	1103	1360	4000	0003	7600	0024	0315
T116	0201	7400	1300	1500	1303	1560	4000	0003	7600	0024	0315
T117	0217	4166	1400	4223	2000	4323	2000	4422	2400	4732	2120	7400	0701	0004	1604	1707	0103	0303	0503	1103	1303	1503	0260	4000	0046	7505	4000	0047	7510	4422	1400	4422	1100	4422	1000	7601	0024	0315
T118	0201	4422	2400	7400	0200	0460	4000	0046	7505	4000	0047	7510	4422	1400	4422	1100	4422	1000	7601	0024	0315
T119	0201	4422	2400	7400	0400	0660	4000	0046	7505	4000	0047	7510	4422	1400	4422	1100	4422	1000	7601	0024	0315
T120	0201	4422	2400	7400	0600	1060	4000	0046	7505	4000	0047	7510	4422	1400	4422	1100	4422	1000	7601	0024	0315
T121	0201	4422	2400	7400	1000	1260	4000	0046	7505	4000	0047	7510	4422	1400	4422	1100	4422	1000	7601	0024	0315
T122	0201	4422	2400	7400	1200	1460	4000	0046	7505	4000	0047	7510	4422	1400	4422	1100	4422	1000	7601	0024	0315
T123	0217	4146	1400	4222	2520	4322	2400	4422	2400	4732	2120	7400	0701	0004	1604	1707	0103	0303	0503	1103	1303	1503	0260	4000	0046	7505	4000	0047	7510	4322	1400	4322	1100	4322	1000	4422	1400	4422	1100	4422	1000	7600	0024	0315
T124	0201	4322	2400	4422	2400	7400	0200	0460	4000	0046	7505	4000	0047	7510	4322	1400	4322	1100	4322	1000	4422	1400	4422	1100	4422	1000	7600	0024	0315
T125	0201	4322	2400	4422	2400	7400	0400	0660	4000	0046	7505	4000	0047	7510	4322	1400	4322	1100	4322	1000	4422	1400	4422	1100	4422	1000	7600	0024	0315
T126	0201	4322	2400	4422	2400	7400	0600	1060	4000	0046	7505	4000	0047	7510	4322	1400	4322	1100	4322	1000	4422	1400	4422	1100	4422	1000	7600	0024	0315
T127	0201	4322	2400	4422	2400	7400	1000	1260	4000	0046	7505	4000	0047	7510	4322	1400	4322	1100	4322	1000	4422	1400	4422	1100	4422	1000	7600	0024	0315
T128	0201	4322	2400	4422	2400	7400	1200	1460	4000	0046	7505	4000	0047	7510	4322	1400	4322	1100	4322	1000	4422	1400	4422	1100	4422	1000	7600	0024	0315
T129	0217	4146	1400	4222	2520	4322	1000	4422	0000	4722	0000	7400	0701	0004	1604	1707	0103	0303	0503	1103	1303	1503	0260	4000	0047	7600	0024	0315
T130	0201	7400	0200	0460	4000	0047	7600	0024	0315
T131	0201	7400	0400	0660	4000	0047	7600	0024	0315
T132	0201	7400	0600	1060	4000	0047	7600	0024	0315
T133	0201	7400	1000	1260	4000	0047	7600	0024	0315
T134	0201	7400	1200	1460	4000	0047	7600	0024	0315
T135	0217	4162	6040	4243	0000	4323	2000	4423	2000	4742	2520	7400	0701	0103	0303	0503	1103	1303	1503	0004	1604	1707	0260	4000	0046	7505	4000	0047	7601	0036	0316
T136	0201	7400	0200	0460	4000	0046	7505	4000	0047	7601	0036	0315
T137	0201	7400	0400	0660	4000	0046	7505	4000	0047	7601	0036	0315
T138	0201	7400	0600	1060	4000	0046	7505	4000	0047	7601	0036	0315
T139	0201	7400	1000	1260	4000	0046	7505	4000	0047	7601	0036	0315
T140	0201	7400	1200	1460	4000	0046	7505	4000	0047	7601	0036	0315
T141	0201	4162	2560	7400	1400	260	4000	0046	7505	4000	0047	7600	0036	0316
T142	0201	7400	0200	0460	4000	0046	7505	4000	0047	7600	0036	0316
T143	0201	7400	0400	0660	4000	0046	7505	4000	0047	7600	0036	0316
T144	0201	7400	0600	1060	4000	0046	7505	4000	0047	7600	0036	0316
T145	0201	7400	1000	1260	4000	0046	7505	4000	0047	7600	0036	0316
T146	0201	7400	1200	1460	4000	0046	7505	4000	0047	7600	0036	0316
T147	0217	4142	0446	4232	2520	4322	2120	4422	0000	7400	0701	0004	1604	0103	0303	0503	1103	1303	1503	1760	4000	0007	7600	0024	0317
T148	0217	4142	0551	4232	2520	4322	2120	7400	0701	0101	0301	0501	1101	1301	1501	0003	1603	1760	4000	0003	7600	0036	0314
7700	4040	2020	1010	0404	0202	0101	0101