;571ук2о
T0001	0217	4112	2000	4231	2400	7400	1740	0721	4000	0001	7601	0062	0316
T0002	0210	4231	2400	7400	0001	0101	0301	0501	0701	1101	1301	1501	1621	4000	0001	7601	0062	0316
T0003	0204	7400	1740	0001	1601	0401	0601	0701	1001	1201	1401	0221	4000	0001	7601	0062	0316
T0004	0217	4102	2400	4222	1000	7400	0040	0140	0240	0340	0440	0540	0640	1040	1140	1240	1340	1440	1540	1640	1701	0721	4000	0001	7601	0062	0316
T0005	0217	4100	0026	4223	0000	4302	0600	4403	4520	4503	4520	4622	1520	7400	0701	0004	1605	0203	1706	0160	4000	0014	4000	0016	4000	0036	4000	0037	7601	0003	0310
;
T0006	0201	7400	0200	0100	0403	0360	4000	0014	4000	0016	4000	0036	4000	0037	7601	0003	0310
T0007	0201	7400	0400	0300	0603	0560	4000	0014	4000	0016	4000	0036	4000	0037	7601	0003	0310
T0008	0201	7400	0600	0500	1003	1160	4000	0014	4000	0016	4000	0036	4000	0037	7601	0003	0310
T0009	0201	7400	1000	1100	1203	1360	4000	0014	4000	0016	4000	0036	4000	0037	7601	0003	0310
T0010	0201	7400	1200	1300	1403	1560	4000	0014	4000	0016	4000	0036	4000	0037	7601	0003	0310
T0011	0217	4100	1400	4223	0000	4302	0600	4403	4520	4503	4520	4622	2120	7400	0701	0004	1605	0203	1706	0140	2760	4000	0014	4000	0016	4000	0036	4000	0037	7600	0003	0310
T0012	0201	7400	0200	0100	0403	0360	4000	0014	4000	0016	4000	0036	4000	0037	7600	0003	0310
T0013	0201	7400	0400	0300	0603	0560	4000	0014	4000	0016	4000	0036	4000	0037	7600	0003	0310
T0014	0201	7400	0600	0500	1003	1160	4000	0014	4000	0016	4000	0036	4000	0037	7600	0003	0310
T0015	0201	7400	1000	1100	1203	1360	4000	0014	4000	0016	4000	0036	4000	0037	7600	0003	0310
T0016	0201	7400	1200	1300	1403	1560	4000	0014	4000	0016	4000	0036	4000	0037	7600	0003	0310
T0017	0205	4100	1205	4222	0000	4303	4520	7400	0701	0004	1605	0203	1706	0140	2460	4000	0014	4000	0016	4000	0036	4000	0037	7601	0003	0311
T0018	0201	7400	0200	0100	0403	0360	4000	0014	4000	0016	4000	0036	4000	0037	7601	0003	0311
T0019	0201	7400	0400	0300	0603	0560	4000	0014	4000	0016	4000	0036	4000	0037	7601	0003	0311
T0020	0201	7400	0600	0500	1003	1160	4000	0014	4000	0016	4000	0036	4000	0037	7601	0003	0311
T0021	0201	7400	1000	1100	1203	1360	4000	0014	4000	0016	4000	0036	4000	0037	7601	0003	0311
T0022	0201	7400	1200	1300	1403	1560	4000	0014	4000	0016	4000	0036	4000	0037	7601	0003	0311
T0023	0205	4123	5000	4227	6400	7400	0701	0060	4000	0001	7601	0003	0312
T0024	0201	7400	0000	0160	4000	0001	7601	0003	0312
T0025	0201	7400	0100	0260	4000	0001	7601	0003	0312
T0026	0201	7400	0200	0360	4000	0001	7601	0003	0312
T0027	0201	7400	0300	0460	4000	0001	7601	0003	0312
T0028	0201	7400	0400	0560	4000	0001	7601	0003	0312
T0029	0201	7400	0500	0660	4000	0001	7601	0003	0312
T0030	0201	7400	0600	1060	4000	0001	7601	0003	0312
T0031	0201	7400	1000	1160	4000	0001	7601	0003	0312
T0032	0201	7400	1100	1260	4000	0001	7601	0003	0312
T0033	0201	7400	1200	1360	4000	0001	7601	0003	0312
T0034	0201	7400	1300	1460	4000	0001	7601	0003	0312
T0035	0201	7400	1400	1560	4000	0001	7601	0003	0312
T0036	0201	7400	1500	1660	4000	0001	7601	0003	0312
T0037	0205	4164	2440	4203	2000	4403	1520	4503	1520	4622	2520	7400	0701	0004	1605	1706	0260	4000	0014	4000	0034	4000	0035	7601	0005	0313
T0038	0201	7400	0200	0460	4000	0014	4000	0034	4000	0035	7601	0005	0313
T0039	0201	7400	0400	0660	4000	0014	4000	0034	4000	0035	7601	0005	0313
T0040	0201	7400	0600	1060	4000	0014	4000	0034	4000	0035	7601	0005	0313
T0041	0201	7400	1000	1260	4000	0014	4000	0034	4000	0035	7601	0005	0313
T0042	0201	7400	1200	1460	4000	0014	4000	0034	4000	0035	7601	0005	0313
T0043	0205	4164	3040	4203	1520	4303	1520	7400	0701	1603	1706	0060	4000	0002	4000	0022	4000	0023	7601	0005	0314
T0044	0201	7400	0000	1600	0003	1660	4000	0002	4000	0022	4000	0023	7601	0005	0314
;
T0045	0205	4146	7400	4202	1100	4403	5000	4503	5000	4622	2520	7400	0701	0004	1605	1706	0260	4000	0014	4000	0034	4000	0035	7600	0024	0314
T0046	0201	7400	0200	0460	4000	0014	4000	0034	4000	0035	7600	0024	0314
T0047	0201	7400	0400	0660	4000	0014	4000	0034	4000	0035	7600	0024	0314
T0048	0201	7400	0600	1060	4000	0014	4000	0034	4000	0035	7600	0024	0314
T0049	0201	7400	1000	1260	4000	0014	4000	0034	4000	0035	7600	0024	0314
T0050	0201	7400	1200	1460	4000	0014	4000	0034	4000	0035	7600	0024	0314
T0051	0205	4146	7400	4202	2540	4302	2540	7400	0701	1603	1706	0060	4000	0002	4000	0022	4000	0023	7600	0024	0314
T0052	0201	7400	0000	1600	0003	1660	4000	0002	4000	0022	4000	0023	7600	0024	0314
;
T0053	0205	4145	1000	4202	2540	4403	1520	4503	1520	4622	2520	7400	0701	0004	1605	1706	0260	4000	0014	4000	0034	4000	0035	7600	0024	0314
T0054	0201	7400	0200	0460	4000	0014	4000	0034	4000	0035	7600	0024	0314
T0055	0201	7400	0400	0660	4000	0014	4000	0034	4000	0035	7600	0024	0314
T0056	0201	7400	0600	1060	4000	0014	4000	0034	4000	0035	7600	0024	0314
T0057	0201	7400	1000	1260	4000	0014	4000	0034	4000	0035	7600	0024	0314
T0058	0201	7400	1200	1460	4000	0014	4000	0034	4000	0035	7600	0024	0314
T0059	0205	4146	7400	4202	1100	4402	0560	4502	0560	7400	0701	0004	1605	1706	0260	4000	0014	4000	0034	4000	0035	7600	0024	0314
T0060	0201	7400	0200	0460	4000	0014	4000	0034	4000	0035	7600	0024	0314
T0061	0201	7400	0400	0660	4000	0014	4000	0034	4000	0035	7600	0024	0314
T0062	0201	7400	0600	1060	4000	0014	4000	0034	4000	0035	7600	0024	0314
T0063	0201	7400	1000	1260	4000	0014	4000	0034	4000	0035	7600	0024	0314
T0064	0201	7400	1200	1460	4000	0014	4000	0034	4000	0035	7600	0024	0314
T0065	0217	4147	1000	4202	2540	4602	2540	7400	0701	1706	0340	0540	1140	1340	1540	0160	4000	0021	7600	0100	0317
T0066	0205	4147	1000	4202	2540	4602	2540	7400	0701	1706	0160	4000	0021	7600	0062	0314
T0067	0201	7400	0100	0360	4000	0021	7600	0062	0314
T0068	0201	7400	0300	0560	4000	0021	7600	0062	0031
T0069	0201	7400	0500	1160	4000	0021	7600	0062	0314
T0070	0201	7400	1100	1360	4000	0021	7600	0062	0314
T0071	0201	7400	1300	1560	4000	0021	7600	0062	0314
T0072	0205	4147	1000	4202	2540	4603	0000	7400	0701	1701	0160	4000	0021	7600	0062	0314
T0073	0201	7400	0100	0360	4000	0021	7600	0062	0314
T0074	0201	7400	0300	0560	4000	0021	7600	0062	0314
T0075	0201	7400	0500	1160	4000	0021	7600	0062	0314
T0076	0201	7400	1100	1360	4000	0021	7600	0062	0314
T0077	0201	7400	1300	1560	4000	0021	7600	0062	0314
T0078	0205	4167	5000	4203	1520	4303	2000	4402	0560	4502	0560	4622	2520	7400	0701	0004	1605	1706	0203	0160	4000	0014	4000	0016	4000	0036	4000	0037	7601	0062	0315
;
T0079	0201	7400	0200	0100	0403	0360	4000	0014	4000	0016	4000	0036	4000	0037	7601	0062	0315
T0080	0201	7400	0400	0300	0603	0560	4000	0014	4000	0016	4000	0036	4000	0037	7601	0062	0315
T0081	0201	7400	0600	0500	1003	1160	4000	0014	4000	0016	4000	0036	4000	0037	7601	0062	0315
T0082	0201	7400	1000	1100	1203	1360	4000	0014	4000	0016	4000	0036	4000	0037	7601	0062	0315
T0083	0201	7400	1200	1300	1403	1560	4000	0014	4000	0016	4000	0036	4000	0037	7601	0062	0315
T0084	0205	4162	1065	4233	0000	4303	4520	4403	4520	4503	4520	4632	2120	7400	0701	0004	1605	0203	1706	0160	4000	0014	4000	0016	4000	0036	4000	0037	7600	0003	0316
;
T0085	0201	7400	0200	0100	0403	0360	4000	0014	4000	0016	4000	0036	4000	0037	7600	0003	0316
T0086	0201	7400	0400	0300	0603	0560	4000	0014	4000	0016	4000	0036	4000	0037	7600	0003	0316
T0087	0201	7400	0600	0500	1003	1160	4000	0014	4000	0016	4000	0036	4000	0037	7600	0003	0316
T0088	0201	7400	1000	1100	1203	1360	4000	0014	4000	0016	4000	0036	4000	0037	7600	0003	0316
T0089	0201	7400	1200	1300	1403	1560	4000	0014	4000	0016	4000	0036	4000	0037	7600	0003	0316
T0090	0217	4143	5560	4232	2520	4303	2000	4403	2000	4503	2000	4602	1100	7400	0701	1604	0005	0203	0403	0603	1006	1206	1406	1760	4000	0014	4000	0036	4000	0037	7600	0003	0315
T0091	0217	4142	1000	4232	2520	4302	0000	4402	1100	4502	1100	7400	0701	0203	0403	0603	1003	1203	1403	0004	1605	1760	4000	0004	4000	0016	4000	0017	7600	0003	0316
;
T0092	0217	4147	2400	4202	2540	7400	0101	0301	0501	0701	1101	1301	1501	1701	0040	0240	0440	0640	1040	1240	1440	1660	4000	0001	7600	0100	0316
T0093	0205	7400	0001	0201	0401	0601	0701	1001	1201	1401	1601	1701	0140	0340	0540	1140	1340	1560	4000	0001	7600	0100	0316
7700