;571ук3о
T0001	0217	4112	2000	4231	2400	7400	1740	0721	4000	0001	7601	0062	0316
T0002	0210	4231	2400	7400	0001	0101	0201	0301	0401	0501	0701	1001	1201	1301	1401	1501	1621	4000	0001	7601	0062	0316
T0003	0217	4102	2400	4222	1000	7400	0040	0140	0240	0340	0440	0540	0640	1040	1140	1240	1340	1440	1540	1640	1701	0721	4000	0001	7601	0062	0316
T0004	0217	4100	1400	4203	0000	4302	0225	4402	0225	4502	0225	4602	0600	4702	1100	5122	2120	7400	0701	0003	0104	1504	1604	1405	1305	1205	1702	2740	1060	4000	0004	4000	0104	4000	0106	4000	0116	4000	0117	7600	0003	0310
T0005	0201	7400	0100	1500	1200	0106	1506	1227	4000	0024	4000	0124	4000	0126	4000	0176	4000	0177	7600	0003	0310
T0006	0201	7400	1300	1200	1307	1225	4000	0024	4000	0124	4000	0126	4000	0176	4000	0177	7600	0003	0310
T0007	0201	7400	1400	1300	1407	1325	4000	0024	4000	0124	4000	0126	4000	0176	4000	0177	7600	0003	0310
T0008	0201	7400	1500	1400	1300	1200	1504	1405	1307	1227	4000	0024	4000	0124	4000	0126	4000	0176	4000	0177	7600	0003	0310
;
T0009	0201	7400	0100	1500	1400	1300	0104	1506	1407	1325	4000	0024	4000	0124	4000	0126	4000	0176	4000	0177	7600	0003	0310
;
T0010	0201	7400	1500	1600	1300	1200	1504	1606	1307	1225	4000	0024	4000	0124	4000	0126	4000	0176	4000	0177	7600	0003	0310
;
T0011	0201	7400	0100	0126	4000	0024	4000	0124	4000	0126	4000	0176	4000	0177	7600	0003	0310
T0012	0201	7400	1300	1200	1305	1227	4000	0024	4000	0124	4000	0126	4000	0176	4000	0177	7600	0003	0310
T0013	0201	7400	1400	1300	1405	1327	4000	0024	4000	0124	4000	0126	4000	0176	4000	0177	7600	0003	0310
T0014	0201	7400	1400	1427	4000	0024	4000	0124	4000	0126	4000	0176	4000	0177	7600	0003	0310
T0015	0201	7400	1000	0100	1600	1400	1300	1200	0104	1604	0205	0305	0405	0560	4000	0024	4000	0124	4000	0126	4000	0176	4000	0177	7600	0003	0310
T0016	0201	7400	0100	1500	0400	0106	1506	0427	4000	0024	4000	0124	4000	0126	4000	0176	4000	0177	7600	0003	0310
T0017	0201	7400	0300	0400	0307	0425	4000	0024	4000	0124	4000	0126	4000	0176	4000	0177	7600	0003	0310
T0018	0201	7400	0200	0300	0207	0325	4000	0024	4000	0124	4000	0126	4000	0176	4000	0177	7600	0003	0310
T0019	0201	7400	1500	0200	0300	0400	1504	0205	0307	0427	4000	0024	4000	0124	4000	0126	4000	0176	4000	0177	7600	0003	0310
;
T0020	0201	7400	0100	1500	0200	0300	0104	1506	0207	0325	4000	0024	4000	0124	4000	0126	4000	0176	4000	0177	7600	0003	0310
;
T0021	0201	7400	1500	1600	0300	0400	1504	1606	0307	0425	4000	0024	4000	0124	4000	0126	4000	0127	4000	0177	7600	0003	0310
;
T0022	0201	7400	0100	0126	4000	0024	4000	0124	4000	0126	4000	0176	4000	0177	7600	0003	0310
T0023	0201	7400	0300	0400	0305	0427	4000	0024	4000	0124	4000	0126	4000	0176	4000	0177	7600	0003	0310
T0024	0201	7400	0200	0300	0205	0327	4000	0024	4000	0124	4000	0126	4000	0176	4000	0177	7600	0003	0310
T0025	0201	7400	0200	0227	4000	0024	4000	0124	4000	0126	4000	0166	4000	0167	7600	0003	0310
T0026	0205	4100	1166	4202	0000	4503	2000	4702	0600	7400	0701	0003	0104	1504	1604	1407	1305	1205	1702	2440	1060	4000	0044	4000	0144	4000	0146	4000	0156	4000	0157	7601	0003	0311
T0027	0201	7400	1400	1300	1405	1327	4000	0044	4000	0144	4000	0146	4000	0156	4000	0157	7601	0003	0311
T0028	0201	7400	1300	1200	1305	1227	4000	0044	4000	0144	4000	0146	4000	0156	4000	0157	7601	0003	0311
T0029	0201	7400	0100	1500	1300	0106	1506	1327	4000	0064	4000	0164	4000	0166	4000	0176	4000	0177	7601	0003	0311
T0030	0201	7400	1400	1300	1407	1325	4000	0064	4000	0164	4000	0166	4000	0176	4000	0177	7601	0003	0311
T0031	0201	7400	1300	1200	1307	1225	4000	0064	4000	0164	4000	0166	4000	0176	4000	0177	7601	0003	0311
T0032	0201	7400	1500	1300	1504	1325	4000	0064	4000	0164	4000	0166	4000	0176	4000	0177	7601	0003	0311
T0033	0201	7400	0100	1500	1400	1300	0104	1506	1405	1327	4000	0064	4000	0164	4000	0166	4000	0176	4000	0177	7601	0003	0311
;
T0034	0201	7400	1500	1600	1300	1200	1504	1606	1305	1227	4000	0064	4000	0164	4000	0166	4000	0176	4000	0177	7601	0003	0311
;
T0035	0201	7400	1500	1200	1506	1225	4000	0064	4000	0164	4000	0166	4000	0176	4000	0177	7601	0003	0311
T0036	0205	7400	0701	0003	0104	1504	1604	0207	0305	0405	1702	2440	0560	4000	0044	4000	0144	4000	0146	4000	0156	4000	0157	7601	0003	0311
T0037	0201	7400	0200	0300	0205	0327	4000	0044	4000	0144	4000	0146	4000	0156	4000	0157	7601	0003	0311
T0038	0201	7400	0300	0400	0305	0427	4000	0044	4000	0144	4000	0146	4000	0156	4000	0157	7601	0003	0311
T0039	0201	7400	0100	1500	0300	0106	1506	0327	4000	0064	4000	0164	4000	0166	4000	0176	4000	0177	7601	0003	0311
T0040	0201	7400	0200	0300	0207	0325	4000	0064	4000	0164	4000	0166	4000	0176	4000	0177	7601	0003	0311
T0041	0201	7400	0300	0400	0307	0425	4000	0064	4000	0164	4000	0166	4000	0176	4000	0177	7601	0003	0311
T0042	0201	7400	1500	0300	1504	0325	4000	0064	4000	0164	4000	0166	4000	0176	4000	0177	7601	0003	0311
T0043	0201	7400	0100	1500	0200	0300	0104	1506	0205	0327	4000	0064	4000	0164	4000	0166	4000	0176	4000	0177	7601	0003	0311
;
T0044	0201	7400	1500	1600	0300	0400	1504	1606	0305	0427	4000	0064	4000	0164	4000	0166	4000	0176	4000	0177	7601	0003	0311
;
T0045	0201	7400	1500	0400	1506	0425	4000	0024	4000	0124	4000	0126	4000	0136	4000	0137	7601	0003	0311
T0046	0205	4123	5000	4227	6400	7400	0701	0060	4000	0001	7601	0003	0312
T0047	0201	7400	0000	0160	4000	0001	7601	0003	0312
T0048	0201	7400	0100	0260	4000	0001	7601	0003	0312
T0049	0201	7400	0200	0360	4000	0001	7601	0003	0312
T0050	0201	7400	0300	0460	4000	0001	7601	0003	0312
T0051	0201	7400	0400	0560	4000	0001	7601	0003	0312
T0052	0201	7400	0500	1060	4000	0001	7601	0003	0312
T0053	0201	7400	1000	1260	4000	0001	7601	0003	0312
T0054	0201	7400	1200	1360	4000	0001	7601	0003	0312
T0055	0201	7400	1300	1460	4000	0001	7601	0003	0312
T0056	0201	7400	1400	1560	4000	0001	7601	0003	0312
T0057	0201	7400	1500	1660	4000	0001	7601	0003	0312
T0058	0205	4164	1200	4203	1520	4302	1100	5122	2520	7400	0701	0103	1503	1603	1702	0060	4000	0002	4000	0102	4000	0103	7601	0005	0313
T0059	0217	4164	0500	4233	1520	5132	2520	7400	0701	1702	0160	4000	0100	4000	0101	7601	0005	0313
T0060	0201	7400	0100	1560	4000	0100	4000	0101	7601	0005	0313
T0061	0201	7400	1500	1660	4000	0100	4000	0101	7601	0005	0313
T0062	0205	4164	2000	4203	1520	4303	2000	4303	2000	4402	1100	4602	1100	7400	0701	0104	1504	1603	0306	0406	1702	0260	4000	0006	4000	0106	4000	0126	4000	0127	7601	0005	0313
T0063	0201	7400	0200	0300	0206	0360	4000	0006	4000	0106	4000	0126	4000	0127	7601	0005	0313
T0064	0201	7400	0300	0400	0306	0460	4000	0006	4000	0106	4000	0126	4000	0127	7601	0005	0313
T0065	0201	7400	0200	0300	0400	1306	1206	1460	4000	0006	4000	0106	4000	0126	4000	0127	7601	0005	0313
T0066	0201	7400	1400	1300	1406	1360	4000	0006	4000	0106	4000	0126	4000	0127	7601	0005	0313
T0067	0201	7400	1300	1200	1306	1260	4000	0006	4000	0106	4000	0126	4000	0127	7601	0005	0313
T0068	0217	4146	4120	4202	2540	4303	2000	4403	2000	4502	1100	5122	2520	7400	0701	1702	0160	4000	0100	4000	0101	7600	0024	0316
T0069	0201	7400	0100	1560	4000	0100	4000	0101	7600	0024	0316
T0070	0201	7400	1500	1660	4000	0100	4000	0101	7600	0024	0316
T0071	0205	4146	5000	7400	0701	1702	0103	1503	1603	0060	4000	0002	4000	0102	4000	0103	7600	0024	0316
T0072	0205	4145	1000	7400	0701	1702	0103	1503	1605	0304	0404	0260	4000	0116	4000	0117	7600	0024	0316
T0073	0201	7400	0200	0300	0204	0360	4000	0116	4000	0117	7600	0024	0316
T0074	0201	7400	0300	0400	0304	0460	4000	0116	4000	0117	7600	0024	0316
T0075	0201	7400	0200	0300	0400	1304	1204	1460	4000	0116	4000	0117	7600	0024	0316
;
T0076	0201	7400	1400	1300	1404	1360	4000	0116	4000	0117	7600	0024	0316
T0077	0201	7400	1300	1200	1304	1260	4000	0116	4000	0117	7600	0024	0316
T0078	0217	4147	5000	4202	2540	7400	0701	1701	0060	4000	0001	7600	0120	0316
T0079	0201	7400	0000	0160	4000	0001	7600	0120	0316
T0080	0201	7400	0100	1560	4000	0001	7600	0120	0316
T0081	0201	7400	1500	1660	4000	0001	7600	0120	0316
T0082	0201	4147	5000	4302	0560	7400	0003	1600	0260	4000	0003	7600	0120	0316
T0083	0201	7400	0200	0360	4000	0003	7600	0120	0316
T0084	0201	7400	0300	0460	4000	0003	7600	0120	0316
T0085	0201	7400	0400	1460	4000	0003	7600	0120	0316
T0086	0201	7400	1400	1360	4000	0003	7600	0120	0316
T0087	0201	7400	1300	1260	4000	0003	7600	0024	0316
T0088	0217	4147	2400	4202	2540	4302	2540	7400	0701	1703	0540	1060	4000	0003	7600	0120	0317
T0089	0217	4147	2400	4202	2540	7400	0701	1701	0560	4000	0001	7600	0120	0317
T0090	0201	7400	0500	1060	4000	0001	7600	0120	0317
T0091	0217	4167	2400	4203	2000	4302	0560	4403	2000	4502	1100	4622	2520	7400	0701	0003	0104	1504	1604	0205	0305	0405	1205	1305	1405	1706	0560	4000	0037	7601	0062	0317
T0092	0201	7400	0500	1060	4000	0037	7601	0062	0317
T0093	0201	4303	2000	4402	0560	7400	1000	0560	4000	0037	7601	0062	0317
T0094	0201	7400	0500	1060	4000	0037	7601	0062	0317
T0095	0217	4162	1067	4223	0000	4312	0225	4412	0225	4512	0600	4612	0600	5122	2120	7400	0701	0003	1702	0104	1504	1604	1405	1305	1205	0206	0306	0406	0560	4000	0004	4000	0104	4000	0106	4000	0136	4000	0137	7600	0003	0317
T0096	0201	7400	0500	1060	4000	0004	4000	0104	4000	0106	4000	0136	4000	0137	7600	0003	0317
T0097	0205	4143	5620	4222	2520	4303	2000	4403	2000	4503	2000	4602	1100	7400	0701	0003	0105	1505	1605	1404	1304	1204	0206	0306	0406	1760	4000	0010	4000	0012	4000	0036	4000	0037	7600	0003	0317
T0098	0201	4142	0521	4402	1100	7400	0100	0004	1500	1600	0101	1501	1621	4000	0002	4000	0026	4000	0027	7600	0003	0317
T0099	0217	4146	0400	4202	2520	7400	0101	0301	0501	0701	1301	1501	1701	0040	0240	0440	1040	1240	1440	1660	4000	0001	7600	0100	0317
T0100	0205	7400	0001	0201	0401	0701	1001	1201	1401	1601	1701	0140	0340	0540	1140	1340	1560	4000	0001	7600	0100	0317
T0101	0217	4147	2400	4202	5000	4705	7400	7400	2007	0440	0340	0240	1240	1340	1440	1040	0540	0140	1540	1640	0060	4000	0041	7600	0062	0317
7700